oozie,https://github.com/apache/oozie.git, fbf28362b1a811e006cff1d8cf887c5dff7085dd,./core/, TestCoordELFunctions,testCurrent,test fail, mer 8 apr 2020, 21.00.44, CEST,mer 8 apr 2020, 21.00.51, CEST
oozie,https://github.com/apache/oozie.git, fbf28362b1a811e006cff1d8cf887c5dff7085dd,./core/, TestCoordELFunctions,testCurrent,test fail, mer 8 apr 2020, 21.00.51, CEST,mer 8 apr 2020, 21.00.58, CEST
oozie,https://github.com/apache/oozie.git, fbf28362b1a811e006cff1d8cf887c5dff7085dd,./core/, TestCoordELFunctions,testCurrent,test fail, mer 8 apr 2020, 21.00.58, CEST,mer 8 apr 2020, 21.01.04, CEST
oozie,https://github.com/apache/oozie.git, fbf28362b1a811e006cff1d8cf887c5dff7085dd,./core/, TestCoordELFunctions,testCurrent,test fail, mer 8 apr 2020, 21.01.04, CEST,mer 8 apr 2020, 21.01.10, CEST
oozie,https://github.com/apache/oozie.git, fbf28362b1a811e006cff1d8cf887c5dff7085dd,./core/, TestCoordELFunctions,testCurrent,test fail, mer 8 apr 2020, 21.01.10, CEST,mer 8 apr 2020, 21.01.17, CEST
oozie,https://github.com/apache/oozie.git, fbf28362b1a811e006cff1d8cf887c5dff7085dd,./core/, TestCoordELFunctions,testCurrent,test fail, mer 8 apr 2020, 21.01.17, CEST,mer 8 apr 2020, 21.01.24, CEST
oozie,https://github.com/apache/oozie.git, fbf28362b1a811e006cff1d8cf887c5dff7085dd,./core/, TestCoordELFunctions,testCurrent,test fail, mer 8 apr 2020, 21.01.24, CEST,mer 8 apr 2020, 21.01.30, CEST
oozie,https://github.com/apache/oozie.git, fbf28362b1a811e006cff1d8cf887c5dff7085dd,./core/, TestCoordELFunctions,testCurrent,test fail, mer 8 apr 2020, 21.01.30, CEST,mer 8 apr 2020, 21.01.36, CEST
oozie,https://github.com/apache/oozie.git, fbf28362b1a811e006cff1d8cf887c5dff7085dd,./core/, TestCoordELFunctions,testCurrent,test fail, mer 8 apr 2020, 21.01.36, CEST,mer 8 apr 2020, 21.01.43, CEST
oozie,https://github.com/apache/oozie.git, fbf28362b1a811e006cff1d8cf887c5dff7085dd,./core/, TestCoordELFunctions,testCurrent,test fail, mer 8 apr 2020, 21.01.43, CEST,mer 8 apr 2020, 21.01.50, CEST
oozie,https://github.com/apache/oozie.git, fbf28362b1a811e006cff1d8cf887c5dff7085dd,./core/, TestCoordELFunctions,testCurrent,test fail, mer 8 apr 2020, 21.01.50, CEST,mer 8 apr 2020, 21.01.55, CEST
oozie,https://github.com/apache/oozie.git, fbf28362b1a811e006cff1d8cf887c5dff7085dd,./core/, TestCoordELFunctions,testCurrent,test fail, mer 8 apr 2020, 21.01.56, CEST,mer 8 apr 2020, 21.02.02, CEST
oozie,https://github.com/apache/oozie.git, fbf28362b1a811e006cff1d8cf887c5dff7085dd,./core/, TestCoordELFunctions,testCurrent,test fail, mer 8 apr 2020, 21.02.02, CEST,mer 8 apr 2020, 21.02.08, CEST
oozie,https://github.com/apache/oozie.git, fbf28362b1a811e006cff1d8cf887c5dff7085dd,./core/, TestCoordELFunctions,testCurrent,test fail, mer 8 apr 2020, 21.02.08, CEST,mer 8 apr 2020, 21.02.14, CEST
oozie,https://github.com/apache/oozie.git, fbf28362b1a811e006cff1d8cf887c5dff7085dd,./core/, TestCoordELFunctions,testCurrent,test fail, mer 8 apr 2020, 21.02.14, CEST,mer 8 apr 2020, 21.02.20, CEST
oozie,https://github.com/apache/oozie.git, fbf28362b1a811e006cff1d8cf887c5dff7085dd,./core/, TestCoordELFunctions,testCurrent,test fail, mer 8 apr 2020, 21.02.20, CEST,mer 8 apr 2020, 21.02.28, CEST
oozie,https://github.com/apache/oozie.git, fbf28362b1a811e006cff1d8cf887c5dff7085dd,./core/, TestCoordELFunctions,testCurrent,test fail, mer 8 apr 2020, 21.02.28, CEST,mer 8 apr 2020, 21.02.36, CEST
oozie,https://github.com/apache/oozie.git, fbf28362b1a811e006cff1d8cf887c5dff7085dd,./core/, TestCoordELFunctions,testCurrent,test fail, mer 8 apr 2020, 21.02.36, CEST,mer 8 apr 2020, 21.02.43, CEST
oozie,https://github.com/apache/oozie.git, fbf28362b1a811e006cff1d8cf887c5dff7085dd,./core/, TestCoordELFunctions,testCurrent,test fail, mer 8 apr 2020, 21.02.43, CEST,mer 8 apr 2020, 21.02.50, CEST
oozie,https://github.com/apache/oozie.git, fbf28362b1a811e006cff1d8cf887c5dff7085dd,./core/, TestCoordELFunctions,testCurrent,test fail, mer 8 apr 2020, 21.02.50, CEST,mer 8 apr 2020, 21.02.58, CEST
oozie,https://github.com/apache/oozie.git, fbf28362b1a811e006cff1d8cf887c5dff7085dd,./core/, TestCoordELFunctions,testCurrent,test fail, mer 8 apr 2020, 21.02.58, CEST,mer 8 apr 2020, 21.03.05, CEST
oozie,https://github.com/apache/oozie.git, fbf28362b1a811e006cff1d8cf887c5dff7085dd,./core/, TestCoordELFunctions,testCurrent,test fail, mer 8 apr 2020, 21.03.05, CEST,mer 8 apr 2020, 21.03.12, CEST
oozie,https://github.com/apache/oozie.git, fbf28362b1a811e006cff1d8cf887c5dff7085dd,./core/, TestCoordELFunctions,testCurrent,test fail, mer 8 apr 2020, 21.03.12, CEST,mer 8 apr 2020, 21.03.20, CEST
oozie,https://github.com/apache/oozie.git, fbf28362b1a811e006cff1d8cf887c5dff7085dd,./core/, TestCoordELFunctions,testCurrent,test fail, mer 8 apr 2020, 21.03.20, CEST,mer 8 apr 2020, 21.03.26, CEST
oozie,https://github.com/apache/oozie.git, fbf28362b1a811e006cff1d8cf887c5dff7085dd,./core/, TestCoordELFunctions,testCurrent,test fail, mer 8 apr 2020, 21.03.26, CEST,mer 8 apr 2020, 21.03.32, CEST
oozie,https://github.com/apache/oozie.git, fbf28362b1a811e006cff1d8cf887c5dff7085dd,./core/, TestCoordELFunctions,testCurrent,test fail, mer 8 apr 2020, 21.03.32, CEST,mer 8 apr 2020, 21.03.39, CEST
oozie,https://github.com/apache/oozie.git, fbf28362b1a811e006cff1d8cf887c5dff7085dd,./core/, TestCoordELFunctions,testCurrent,test fail, mer 8 apr 2020, 21.03.39, CEST,mer 8 apr 2020, 21.03.47, CEST
oozie,https://github.com/apache/oozie.git, fbf28362b1a811e006cff1d8cf887c5dff7085dd,./core/, TestCoordELFunctions,testCurrent,test fail, mer 8 apr 2020, 21.03.47, CEST,mer 8 apr 2020, 21.03.55, CEST
oozie,https://github.com/apache/oozie.git, fbf28362b1a811e006cff1d8cf887c5dff7085dd,./core/, TestCoordELFunctions,testCurrent,test fail, mer 8 apr 2020, 21.03.55, CEST,mer 8 apr 2020, 21.04.01, CEST
oozie,https://github.com/apache/oozie.git, fbf28362b1a811e006cff1d8cf887c5dff7085dd,./core/, TestCoordELFunctions,testCurrent,test fail, mer 8 apr 2020, 21.04.01, CEST,mer 8 apr 2020, 21.04.07, CEST
oozie,https://github.com/apache/oozie.git, fbf28362b1a811e006cff1d8cf887c5dff7085dd,./core/, TestCoordELFunctions,testCurrent,test fail, mer 8 apr 2020, 21.04.07, CEST,mer 8 apr 2020, 21.04.12, CEST
oozie,https://github.com/apache/oozie.git, fbf28362b1a811e006cff1d8cf887c5dff7085dd,./core/, TestCoordELFunctions,testCurrent,test fail, mer 8 apr 2020, 21.04.12, CEST,mer 8 apr 2020, 21.04.18, CEST
oozie,https://github.com/apache/oozie.git, fbf28362b1a811e006cff1d8cf887c5dff7085dd,./core/, TestCoordELFunctions,testCurrent,test fail, mer 8 apr 2020, 21.04.18, CEST,mer 8 apr 2020, 21.04.23, CEST
oozie,https://github.com/apache/oozie.git, fbf28362b1a811e006cff1d8cf887c5dff7085dd,./core/, TestCoordELFunctions,testCurrent,test fail, mer 8 apr 2020, 21.04.23, CEST,mer 8 apr 2020, 21.04.29, CEST
oozie,https://github.com/apache/oozie.git, fbf28362b1a811e006cff1d8cf887c5dff7085dd,./core/, TestCoordELFunctions,testCurrent,test fail, mer 8 apr 2020, 21.04.29, CEST,mer 8 apr 2020, 21.04.34, CEST
oozie,https://github.com/apache/oozie.git, fbf28362b1a811e006cff1d8cf887c5dff7085dd,./core/, TestCoordELFunctions,testCurrent,test fail, mer 8 apr 2020, 21.04.34, CEST,mer 8 apr 2020, 21.04.41, CEST
oozie,https://github.com/apache/oozie.git, fbf28362b1a811e006cff1d8cf887c5dff7085dd,./core/, TestCoordELFunctions,testCurrent,test fail, mer 8 apr 2020, 21.04.41, CEST,mer 8 apr 2020, 21.04.48, CEST
oozie,https://github.com/apache/oozie.git, fbf28362b1a811e006cff1d8cf887c5dff7085dd,./core/, TestCoordELFunctions,testCurrent,test fail, mer 8 apr 2020, 21.04.48, CEST,mer 8 apr 2020, 21.04.54, CEST
oozie,https://github.com/apache/oozie.git, fbf28362b1a811e006cff1d8cf887c5dff7085dd,./core/, TestCoordELFunctions,testCurrent,test fail, mer 8 apr 2020, 21.04.54, CEST,mer 8 apr 2020, 21.05.01, CEST
oozie,https://github.com/apache/oozie.git, fbf28362b1a811e006cff1d8cf887c5dff7085dd,./core/, TestCoordELFunctions,testCurrent,test fail, mer 8 apr 2020, 21.05.01, CEST,mer 8 apr 2020, 21.05.08, CEST
oozie,https://github.com/apache/oozie.git, fbf28362b1a811e006cff1d8cf887c5dff7085dd,./core/, TestCoordELFunctions,testCurrent,test fail, mer 8 apr 2020, 21.05.08, CEST,mer 8 apr 2020, 21.05.15, CEST
oozie,https://github.com/apache/oozie.git, fbf28362b1a811e006cff1d8cf887c5dff7085dd,./core/, TestCoordELFunctions,testCurrent,test fail, mer 8 apr 2020, 21.05.15, CEST,mer 8 apr 2020, 21.05.21, CEST
oozie,https://github.com/apache/oozie.git, fbf28362b1a811e006cff1d8cf887c5dff7085dd,./core/, TestCoordELFunctions,testCurrent,test fail, mer 8 apr 2020, 21.05.21, CEST,mer 8 apr 2020, 21.05.28, CEST
oozie,https://github.com/apache/oozie.git, fbf28362b1a811e006cff1d8cf887c5dff7085dd,./core/, TestCoordELFunctions,testCurrent,test fail, mer 8 apr 2020, 21.05.28, CEST,mer 8 apr 2020, 21.05.34, CEST
oozie,https://github.com/apache/oozie.git, fbf28362b1a811e006cff1d8cf887c5dff7085dd,./core/, TestCoordELFunctions,testCurrent,test fail, mer 8 apr 2020, 21.05.34, CEST,mer 8 apr 2020, 21.05.40, CEST
oozie,https://github.com/apache/oozie.git, fbf28362b1a811e006cff1d8cf887c5dff7085dd,./core/, TestCoordELFunctions,testCurrent,test fail, mer 8 apr 2020, 21.05.40, CEST,mer 8 apr 2020, 21.05.47, CEST
oozie,https://github.com/apache/oozie.git, fbf28362b1a811e006cff1d8cf887c5dff7085dd,./core/, TestCoordELFunctions,testCurrent,test fail, mer 8 apr 2020, 21.05.47, CEST,mer 8 apr 2020, 21.05.52, CEST
oozie,https://github.com/apache/oozie.git, fbf28362b1a811e006cff1d8cf887c5dff7085dd,./core/, TestCoordELFunctions,testCurrent,test fail, mer 8 apr 2020, 21.05.53, CEST,mer 8 apr 2020, 21.06.00, CEST
oozie,https://github.com/apache/oozie.git, fbf28362b1a811e006cff1d8cf887c5dff7085dd,./core/, TestCoordELFunctions,testCurrent,test fail, mer 8 apr 2020, 21.06.00, CEST,mer 8 apr 2020, 21.06.06, CEST
oozie,https://github.com/apache/oozie.git, fbf28362b1a811e006cff1d8cf887c5dff7085dd,./core/, TestCoordELFunctions,testCurrent,test fail, mer 8 apr 2020, 21.06.06, CEST,mer 8 apr 2020, 21.06.13, CEST
oozie,https://github.com/apache/oozie.git, fbf28362b1a811e006cff1d8cf887c5dff7085dd,./core/, TestCoordELFunctions,testCurrent,test fail, mer 8 apr 2020, 21.06.13, CEST,mer 8 apr 2020, 21.06.20, CEST
oozie,https://github.com/apache/oozie.git, fbf28362b1a811e006cff1d8cf887c5dff7085dd,./core/, TestCoordELFunctions,testCurrent,test fail, mer 8 apr 2020, 21.06.20, CEST,mer 8 apr 2020, 21.06.26, CEST
oozie,https://github.com/apache/oozie.git, fbf28362b1a811e006cff1d8cf887c5dff7085dd,./core/, TestCoordELFunctions,testCurrent,test fail, mer 8 apr 2020, 21.06.26, CEST,mer 8 apr 2020, 21.06.32, CEST
oozie,https://github.com/apache/oozie.git, fbf28362b1a811e006cff1d8cf887c5dff7085dd,./core/, TestCoordELFunctions,testCurrent,test fail, mer 8 apr 2020, 21.06.32, CEST,mer 8 apr 2020, 21.06.39, CEST
oozie,https://github.com/apache/oozie.git, fbf28362b1a811e006cff1d8cf887c5dff7085dd,./core/, TestCoordELFunctions,testCurrent,test fail, mer 8 apr 2020, 21.06.39, CEST,mer 8 apr 2020, 21.06.45, CEST
oozie,https://github.com/apache/oozie.git, fbf28362b1a811e006cff1d8cf887c5dff7085dd,./core/, TestCoordELFunctions,testCurrent,test fail, mer 8 apr 2020, 21.06.45, CEST,mer 8 apr 2020, 21.06.51, CEST
oozie,https://github.com/apache/oozie.git, fbf28362b1a811e006cff1d8cf887c5dff7085dd,./core/, TestCoordELFunctions,testCurrent,test fail, mer 8 apr 2020, 21.06.51, CEST,mer 8 apr 2020, 21.06.57, CEST
oozie,https://github.com/apache/oozie.git, fbf28362b1a811e006cff1d8cf887c5dff7085dd,./core/, TestCoordELFunctions,testCurrent,test fail, mer 8 apr 2020, 21.06.57, CEST,mer 8 apr 2020, 21.07.04, CEST
oozie,https://github.com/apache/oozie.git, fbf28362b1a811e006cff1d8cf887c5dff7085dd,./core/, TestCoordELFunctions,testCurrent,test fail, mer 8 apr 2020, 21.07.04, CEST,mer 8 apr 2020, 21.07.10, CEST
oozie,https://github.com/apache/oozie.git, fbf28362b1a811e006cff1d8cf887c5dff7085dd,./core/, TestCoordELFunctions,testCurrent,test fail, mer 8 apr 2020, 21.07.10, CEST,mer 8 apr 2020, 21.07.17, CEST
oozie,https://github.com/apache/oozie.git, fbf28362b1a811e006cff1d8cf887c5dff7085dd,./core/, TestCoordELFunctions,testCurrent,test fail, mer 8 apr 2020, 21.07.17, CEST,mer 8 apr 2020, 21.07.23, CEST
oozie,https://github.com/apache/oozie.git, fbf28362b1a811e006cff1d8cf887c5dff7085dd,./core/, TestCoordELFunctions,testCurrent,test fail, mer 8 apr 2020, 21.07.23, CEST,mer 8 apr 2020, 21.07.31, CEST
oozie,https://github.com/apache/oozie.git, fbf28362b1a811e006cff1d8cf887c5dff7085dd,./core/, TestCoordELFunctions,testCurrent,test fail, mer 8 apr 2020, 21.07.31, CEST,mer 8 apr 2020, 21.07.38, CEST
oozie,https://github.com/apache/oozie.git, fbf28362b1a811e006cff1d8cf887c5dff7085dd,./core/, TestCoordELFunctions,testCurrent,test fail, mer 8 apr 2020, 21.07.38, CEST,mer 8 apr 2020, 21.07.45, CEST
oozie,https://github.com/apache/oozie.git, fbf28362b1a811e006cff1d8cf887c5dff7085dd,./core/, TestCoordELFunctions,testCurrent,test fail, mer 8 apr 2020, 21.07.45, CEST,mer 8 apr 2020, 21.07.53, CEST
oozie,https://github.com/apache/oozie.git, fbf28362b1a811e006cff1d8cf887c5dff7085dd,./core/, TestCoordELFunctions,testCurrent,test fail, mer 8 apr 2020, 21.07.53, CEST,mer 8 apr 2020, 21.08.01, CEST
oozie,https://github.com/apache/oozie.git, fbf28362b1a811e006cff1d8cf887c5dff7085dd,./core/, TestCoordELFunctions,testCurrent,test fail, mer 8 apr 2020, 21.08.01, CEST,mer 8 apr 2020, 21.08.09, CEST
oozie,https://github.com/apache/oozie.git, fbf28362b1a811e006cff1d8cf887c5dff7085dd,./core/, TestCoordELFunctions,testCurrent,test fail, mer 8 apr 2020, 21.08.09, CEST,mer 8 apr 2020, 21.08.17, CEST
oozie,https://github.com/apache/oozie.git, fbf28362b1a811e006cff1d8cf887c5dff7085dd,./core/, TestCoordELFunctions,testCurrent,test fail, mer 8 apr 2020, 21.08.17, CEST,mer 8 apr 2020, 21.08.24, CEST
oozie,https://github.com/apache/oozie.git, fbf28362b1a811e006cff1d8cf887c5dff7085dd,./core/, TestCoordELFunctions,testCurrent,test fail, mer 8 apr 2020, 21.08.24, CEST,mer 8 apr 2020, 21.08.32, CEST
oozie,https://github.com/apache/oozie.git, fbf28362b1a811e006cff1d8cf887c5dff7085dd,./core/, TestCoordELFunctions,testCurrent,test fail, mer 8 apr 2020, 21.08.32, CEST,mer 8 apr 2020, 21.08.39, CEST
oozie,https://github.com/apache/oozie.git, fbf28362b1a811e006cff1d8cf887c5dff7085dd,./core/, TestCoordELFunctions,testCurrent,test fail, mer 8 apr 2020, 21.08.39, CEST,mer 8 apr 2020, 21.08.46, CEST
oozie,https://github.com/apache/oozie.git, fbf28362b1a811e006cff1d8cf887c5dff7085dd,./core/, TestCoordELFunctions,testCurrent,test fail, mer 8 apr 2020, 21.08.46, CEST,mer 8 apr 2020, 21.08.53, CEST
oozie,https://github.com/apache/oozie.git, fbf28362b1a811e006cff1d8cf887c5dff7085dd,./core/, TestCoordELFunctions,testCurrent,test fail, mer 8 apr 2020, 21.08.53, CEST,mer 8 apr 2020, 21.09.00, CEST
oozie,https://github.com/apache/oozie.git, fbf28362b1a811e006cff1d8cf887c5dff7085dd,./core/, TestCoordELFunctions,testCurrent,test fail, mer 8 apr 2020, 21.09.01, CEST,mer 8 apr 2020, 21.09.09, CEST
oozie,https://github.com/apache/oozie.git, fbf28362b1a811e006cff1d8cf887c5dff7085dd,./core/, TestCoordELFunctions,testCurrent,test fail, mer 8 apr 2020, 21.09.09, CEST,mer 8 apr 2020, 21.09.16, CEST
oozie,https://github.com/apache/oozie.git, fbf28362b1a811e006cff1d8cf887c5dff7085dd,./core/, TestCoordELFunctions,testCurrent,test fail, mer 8 apr 2020, 21.09.16, CEST,mer 8 apr 2020, 21.09.23, CEST
oozie,https://github.com/apache/oozie.git, fbf28362b1a811e006cff1d8cf887c5dff7085dd,./core/, TestCoordELFunctions,testCurrent,test fail, mer 8 apr 2020, 21.09.23, CEST,mer 8 apr 2020, 21.09.30, CEST
oozie,https://github.com/apache/oozie.git, fbf28362b1a811e006cff1d8cf887c5dff7085dd,./core/, TestCoordELFunctions,testCurrent,test fail, mer 8 apr 2020, 21.09.30, CEST,mer 8 apr 2020, 21.09.38, CEST
oozie,https://github.com/apache/oozie.git, fbf28362b1a811e006cff1d8cf887c5dff7085dd,./core/, TestCoordELFunctions,testCurrent,test fail, mer 8 apr 2020, 21.09.38, CEST,mer 8 apr 2020, 21.09.44, CEST
oozie,https://github.com/apache/oozie.git, fbf28362b1a811e006cff1d8cf887c5dff7085dd,./core/, TestCoordELFunctions,testCurrent,test fail, mer 8 apr 2020, 21.09.44, CEST,mer 8 apr 2020, 21.09.52, CEST
oozie,https://github.com/apache/oozie.git, fbf28362b1a811e006cff1d8cf887c5dff7085dd,./core/, TestCoordELFunctions,testCurrent,test fail, mer 8 apr 2020, 21.09.52, CEST,mer 8 apr 2020, 21.09.59, CEST
oozie,https://github.com/apache/oozie.git, fbf28362b1a811e006cff1d8cf887c5dff7085dd,./core/, TestCoordELFunctions,testCurrent,test fail, mer 8 apr 2020, 21.09.59, CEST,mer 8 apr 2020, 21.10.07, CEST
oozie,https://github.com/apache/oozie.git, fbf28362b1a811e006cff1d8cf887c5dff7085dd,./core/, TestCoordELFunctions,testCurrent,test fail, mer 8 apr 2020, 21.10.07, CEST,mer 8 apr 2020, 21.10.15, CEST
oozie,https://github.com/apache/oozie.git, fbf28362b1a811e006cff1d8cf887c5dff7085dd,./core/, TestCoordELFunctions,testCurrent,test fail, mer 8 apr 2020, 21.10.15, CEST,mer 8 apr 2020, 21.10.24, CEST
oozie,https://github.com/apache/oozie.git, fbf28362b1a811e006cff1d8cf887c5dff7085dd,./core/, TestCoordELFunctions,testCurrent,test fail, mer 8 apr 2020, 21.10.24, CEST,mer 8 apr 2020, 21.10.32, CEST
oozie,https://github.com/apache/oozie.git, fbf28362b1a811e006cff1d8cf887c5dff7085dd,./core/, TestCoordELFunctions,testCurrent,test fail, mer 8 apr 2020, 21.10.32, CEST,mer 8 apr 2020, 21.10.40, CEST
oozie,https://github.com/apache/oozie.git, fbf28362b1a811e006cff1d8cf887c5dff7085dd,./core/, TestCoordELFunctions,testCurrent,test fail, mer 8 apr 2020, 21.10.40, CEST,mer 8 apr 2020, 21.10.49, CEST
oozie,https://github.com/apache/oozie.git, fbf28362b1a811e006cff1d8cf887c5dff7085dd,./core/, TestCoordELFunctions,testCurrent,test fail, mer 8 apr 2020, 21.10.49, CEST,mer 8 apr 2020, 21.10.56, CEST
oozie,https://github.com/apache/oozie.git, fbf28362b1a811e006cff1d8cf887c5dff7085dd,./core/, TestCoordELFunctions,testCurrent,test fail, mer 8 apr 2020, 21.10.56, CEST,mer 8 apr 2020, 21.11.04, CEST
oozie,https://github.com/apache/oozie.git, fbf28362b1a811e006cff1d8cf887c5dff7085dd,./core/, TestCoordELFunctions,testCurrent,test fail, mer 8 apr 2020, 21.11.04, CEST,mer 8 apr 2020, 21.11.11, CEST
oozie,https://github.com/apache/oozie.git, fbf28362b1a811e006cff1d8cf887c5dff7085dd,./core/, TestCoordELFunctions,testCurrent,test fail, mer 8 apr 2020, 21.11.11, CEST,mer 8 apr 2020, 21.11.18, CEST
oozie,https://github.com/apache/oozie.git, fbf28362b1a811e006cff1d8cf887c5dff7085dd,./core/, TestCoordELFunctions,testCurrent,test fail, mer 8 apr 2020, 21.11.18, CEST,mer 8 apr 2020, 21.11.26, CEST
oozie,https://github.com/apache/oozie.git, fbf28362b1a811e006cff1d8cf887c5dff7085dd,./core/, TestCoordELFunctions,testCurrent,test fail, mer 8 apr 2020, 21.11.26, CEST,mer 8 apr 2020, 21.11.34, CEST
oozie,https://github.com/apache/oozie.git, fbf28362b1a811e006cff1d8cf887c5dff7085dd,./core/, TestCoordELFunctions,testCurrent,test fail, mer 8 apr 2020, 21.11.34, CEST,mer 8 apr 2020, 21.11.41, CEST
oozie,https://github.com/apache/oozie.git, fbf28362b1a811e006cff1d8cf887c5dff7085dd,./core/, TestCoordELFunctions,testCurrent,test fail, mer 8 apr 2020, 21.11.41, CEST,mer 8 apr 2020, 21.11.49, CEST
oozie,https://github.com/apache/oozie.git, fbf28362b1a811e006cff1d8cf887c5dff7085dd,./core/, TestCoordELFunctions,testCurrent,test fail, mer 8 apr 2020, 21.11.49, CEST,mer 8 apr 2020, 21.11.56, CEST
oozie,https://github.com/apache/oozie.git, fbf28362b1a811e006cff1d8cf887c5dff7085dd,./core/, TestCoordELFunctions,testCurrent,test fail, mer 8 apr 2020, 21.11.56, CEST,mer 8 apr 2020, 21.12.04, CEST
oozie,https://github.com/apache/oozie.git, fbf28362b1a811e006cff1d8cf887c5dff7085dd,./core/, TestCoordELFunctions,testCurrent,test fail, mer 8 apr 2020, 21.12.04, CEST,mer 8 apr 2020, 21.12.12, CEST
oozie,https://github.com/apache/oozie.git, fbf28362b1a811e006cff1d8cf887c5dff7085dd,./core/, TestCoordELFunctions,testCurrent,test fail, mer 8 apr 2020, 21.12.12, CEST,mer 8 apr 2020, 21.12.21, CEST
oozie,https://github.com/apache/oozie.git, fbf28362b1a811e006cff1d8cf887c5dff7085dd,./core/, TestCoordELFunctions,testCurrent,test fail, mer 8 apr 2020, 21.12.21, CEST,mer 8 apr 2020, 21.12.30, CEST
oozie,https://github.com/apache/oozie.git, fbf28362b1a811e006cff1d8cf887c5dff7085dd,./core/, TestCoordELFunctions,testCurrent,test fail, mer 8 apr 2020, 21.12.30, CEST,mer 8 apr 2020, 21.12.38, CEST
oozie,https://github.com/apache/oozie.git, fbf28362b1a811e006cff1d8cf887c5dff7085dd,./core/, TestCoordELFunctions,testCurrent,test fail, mer 8 apr 2020, 21.12.38, CEST,mer 8 apr 2020, 21.12.46, CEST
oozie,https://github.com/apache/oozie.git, fbf28362b1a811e006cff1d8cf887c5dff7085dd,./core/, TestCoordELFunctions,testCurrent,test fail, mer 8 apr 2020, 21.12.46, CEST,mer 8 apr 2020, 21.12.54, CEST
oozie,https://github.com/apache/oozie.git, fbf28362b1a811e006cff1d8cf887c5dff7085dd,./core/, TestCoordELFunctions,testCurrent,test fail, mer 8 apr 2020, 21.12.54, CEST,mer 8 apr 2020, 21.13.02, CEST
oozie,https://github.com/apache/oozie.git, fbf28362b1a811e006cff1d8cf887c5dff7085dd,./core/, TestCoordELFunctions,testCurrent,test fail, mer 8 apr 2020, 21.13.02, CEST,mer 8 apr 2020, 21.13.12, CEST
oozie,https://github.com/apache/oozie.git, fbf28362b1a811e006cff1d8cf887c5dff7085dd,./core/, TestCoordELFunctions,testCurrent,test fail, mer 8 apr 2020, 21.13.12, CEST,mer 8 apr 2020, 21.13.20, CEST
oozie,https://github.com/apache/oozie.git, fbf28362b1a811e006cff1d8cf887c5dff7085dd,./core/, TestCoordELFunctions,testCurrent,test fail, mer 8 apr 2020, 21.13.20, CEST,mer 8 apr 2020, 21.13.29, CEST
oozie,https://github.com/apache/oozie.git, fbf28362b1a811e006cff1d8cf887c5dff7085dd,./core/, TestCoordELFunctions,testCurrent,test fail, mer 8 apr 2020, 21.13.29, CEST,mer 8 apr 2020, 21.13.37, CEST
oozie,https://github.com/apache/oozie.git, fbf28362b1a811e006cff1d8cf887c5dff7085dd,./core/, TestCoordELFunctions,testCurrent,test fail, mer 8 apr 2020, 21.13.37, CEST,mer 8 apr 2020, 21.13.46, CEST
oozie,https://github.com/apache/oozie.git, fbf28362b1a811e006cff1d8cf887c5dff7085dd,./core/, TestCoordELFunctions,testCurrent,test fail, mer 8 apr 2020, 21.13.46, CEST,mer 8 apr 2020, 21.13.54, CEST
oozie,https://github.com/apache/oozie.git, fbf28362b1a811e006cff1d8cf887c5dff7085dd,./core/, TestCoordELFunctions,testCurrent,test fail, mer 8 apr 2020, 21.13.54, CEST,mer 8 apr 2020, 21.14.03, CEST
oozie,https://github.com/apache/oozie.git, fbf28362b1a811e006cff1d8cf887c5dff7085dd,./core/, TestCoordELFunctions,testCurrent,test fail, mer 8 apr 2020, 21.14.03, CEST,mer 8 apr 2020, 21.14.11, CEST
oozie,https://github.com/apache/oozie.git, fbf28362b1a811e006cff1d8cf887c5dff7085dd,./core/, TestCoordELFunctions,testCurrent,test fail, mer 8 apr 2020, 21.14.11, CEST,mer 8 apr 2020, 21.14.19, CEST
oozie,https://github.com/apache/oozie.git, fbf28362b1a811e006cff1d8cf887c5dff7085dd,./core/, TestCoordELFunctions,testCurrent,test fail, mer 8 apr 2020, 21.14.19, CEST,mer 8 apr 2020, 21.14.28, CEST
oozie,https://github.com/apache/oozie.git, fbf28362b1a811e006cff1d8cf887c5dff7085dd,./core/, TestCoordELFunctions,testCurrent,test fail, mer 8 apr 2020, 21.14.28, CEST,mer 8 apr 2020, 21.14.37, CEST
oozie,https://github.com/apache/oozie.git, fbf28362b1a811e006cff1d8cf887c5dff7085dd,./core/, TestCoordELFunctions,testCurrent,test fail, mer 8 apr 2020, 21.14.37, CEST,mer 8 apr 2020, 21.14.44, CEST
oozie,https://github.com/apache/oozie.git, fbf28362b1a811e006cff1d8cf887c5dff7085dd,./core/, TestCoordELFunctions,testCurrent,test fail, mer 8 apr 2020, 21.14.44, CEST,mer 8 apr 2020, 21.14.52, CEST
oozie,https://github.com/apache/oozie.git, fbf28362b1a811e006cff1d8cf887c5dff7085dd,./core/, TestCoordELFunctions,testCurrent,test fail, mer 8 apr 2020, 21.14.52, CEST,mer 8 apr 2020, 21.15.00, CEST
oozie,https://github.com/apache/oozie.git, fbf28362b1a811e006cff1d8cf887c5dff7085dd,./core/, TestCoordELFunctions,testCurrent,test fail, mer 8 apr 2020, 21.15.00, CEST,mer 8 apr 2020, 21.15.09, CEST
oozie,https://github.com/apache/oozie.git, fbf28362b1a811e006cff1d8cf887c5dff7085dd,./core/, TestCoordELFunctions,testCurrent,test fail, mer 8 apr 2020, 21.15.09, CEST,mer 8 apr 2020, 21.15.18, CEST
oozie,https://github.com/apache/oozie.git, fbf28362b1a811e006cff1d8cf887c5dff7085dd,./core/, TestCoordELFunctions,testCurrent,test fail, mer 8 apr 2020, 21.15.18, CEST,mer 8 apr 2020, 21.15.26, CEST
oozie,https://github.com/apache/oozie.git, fbf28362b1a811e006cff1d8cf887c5dff7085dd,./core/, TestCoordELFunctions,testCurrent,test fail, mer 8 apr 2020, 21.15.26, CEST,mer 8 apr 2020, 21.15.35, CEST
oozie,https://github.com/apache/oozie.git, fbf28362b1a811e006cff1d8cf887c5dff7085dd,./core/, TestCoordELFunctions,testCurrent,test fail, mer 8 apr 2020, 21.15.35, CEST,mer 8 apr 2020, 21.15.43, CEST
oozie,https://github.com/apache/oozie.git, fbf28362b1a811e006cff1d8cf887c5dff7085dd,./core/, TestCoordELFunctions,testCurrent,test fail, mer 8 apr 2020, 21.15.43, CEST,mer 8 apr 2020, 21.15.52, CEST
oozie,https://github.com/apache/oozie.git, fbf28362b1a811e006cff1d8cf887c5dff7085dd,./core/, TestCoordELFunctions,testCurrent,test fail, mer 8 apr 2020, 21.15.52, CEST,mer 8 apr 2020, 21.16.00, CEST
oozie,https://github.com/apache/oozie.git, fbf28362b1a811e006cff1d8cf887c5dff7085dd,./core/, TestCoordELFunctions,testCurrent,test fail, mer 8 apr 2020, 21.16.00, CEST,mer 8 apr 2020, 21.16.10, CEST
oozie,https://github.com/apache/oozie.git, fbf28362b1a811e006cff1d8cf887c5dff7085dd,./core/, TestCoordELFunctions,testCurrent,test fail, mer 8 apr 2020, 21.16.10, CEST,mer 8 apr 2020, 21.16.18, CEST
oozie,https://github.com/apache/oozie.git, fbf28362b1a811e006cff1d8cf887c5dff7085dd,./core/, TestCoordELFunctions,testCurrent,test fail, mer 8 apr 2020, 21.16.18, CEST,mer 8 apr 2020, 21.16.28, CEST
oozie,https://github.com/apache/oozie.git, fbf28362b1a811e006cff1d8cf887c5dff7085dd,./core/, TestCoordELFunctions,testCurrent,test fail, mer 8 apr 2020, 21.16.28, CEST,mer 8 apr 2020, 21.16.36, CEST
oozie,https://github.com/apache/oozie.git, fbf28362b1a811e006cff1d8cf887c5dff7085dd,./core/, TestCoordELFunctions,testCurrent,test fail, mer 8 apr 2020, 21.16.36, CEST,mer 8 apr 2020, 21.16.45, CEST
oozie,https://github.com/apache/oozie.git, fbf28362b1a811e006cff1d8cf887c5dff7085dd,./core/, TestCoordELFunctions,testCurrent,test fail, mer 8 apr 2020, 21.16.45, CEST,mer 8 apr 2020, 21.16.54, CEST
oozie,https://github.com/apache/oozie.git, fbf28362b1a811e006cff1d8cf887c5dff7085dd,./core/, TestCoordELFunctions,testCurrent,test fail, mer 8 apr 2020, 21.16.54, CEST,mer 8 apr 2020, 21.17.04, CEST
oozie,https://github.com/apache/oozie.git, fbf28362b1a811e006cff1d8cf887c5dff7085dd,./core/, TestCoordELFunctions,testCurrent,test fail, mer 8 apr 2020, 21.17.04, CEST,mer 8 apr 2020, 21.17.14, CEST
oozie,https://github.com/apache/oozie.git, fbf28362b1a811e006cff1d8cf887c5dff7085dd,./core/, TestCoordELFunctions,testCurrent,test fail, mer 8 apr 2020, 21.17.14, CEST,mer 8 apr 2020, 21.17.23, CEST
oozie,https://github.com/apache/oozie.git, fbf28362b1a811e006cff1d8cf887c5dff7085dd,./core/, TestCoordELFunctions,testCurrent,test fail, mer 8 apr 2020, 21.17.23, CEST,mer 8 apr 2020, 21.17.33, CEST
oozie,https://github.com/apache/oozie.git, fbf28362b1a811e006cff1d8cf887c5dff7085dd,./core/, TestCoordELFunctions,testCurrent,test fail, mer 8 apr 2020, 21.17.33, CEST,mer 8 apr 2020, 21.17.42, CEST
oozie,https://github.com/apache/oozie.git, fbf28362b1a811e006cff1d8cf887c5dff7085dd,./core/, TestCoordELFunctions,testCurrent,test fail, mer 8 apr 2020, 21.17.42, CEST,mer 8 apr 2020, 21.17.51, CEST
oozie,https://github.com/apache/oozie.git, fbf28362b1a811e006cff1d8cf887c5dff7085dd,./core/, TestCoordELFunctions,testCurrent,test fail, mer 8 apr 2020, 21.17.51, CEST,mer 8 apr 2020, 21.18.01, CEST
oozie,https://github.com/apache/oozie.git, fbf28362b1a811e006cff1d8cf887c5dff7085dd,./core/, TestCoordELFunctions,testCurrent,test fail, mer 8 apr 2020, 21.18.01, CEST,mer 8 apr 2020, 21.18.10, CEST
oozie,https://github.com/apache/oozie.git, fbf28362b1a811e006cff1d8cf887c5dff7085dd,./core/, TestCoordELFunctions,testCurrent,test fail, mer 8 apr 2020, 21.18.10, CEST,mer 8 apr 2020, 21.18.19, CEST
oozie,https://github.com/apache/oozie.git, fbf28362b1a811e006cff1d8cf887c5dff7085dd,./core/, TestCoordELFunctions,testCurrent,test fail, mer 8 apr 2020, 21.18.19, CEST,mer 8 apr 2020, 21.18.28, CEST
oozie,https://github.com/apache/oozie.git, fbf28362b1a811e006cff1d8cf887c5dff7085dd,./core/, TestCoordELFunctions,testCurrent,test fail, mer 8 apr 2020, 21.18.28, CEST,mer 8 apr 2020, 21.18.37, CEST
oozie,https://github.com/apache/oozie.git, fbf28362b1a811e006cff1d8cf887c5dff7085dd,./core/, TestCoordELFunctions,testCurrent,test fail, mer 8 apr 2020, 21.18.37, CEST,mer 8 apr 2020, 21.18.45, CEST
oozie,https://github.com/apache/oozie.git, fbf28362b1a811e006cff1d8cf887c5dff7085dd,./core/, TestCoordELFunctions,testCurrent,test fail, mer 8 apr 2020, 21.18.45, CEST,mer 8 apr 2020, 21.18.53, CEST
oozie,https://github.com/apache/oozie.git, fbf28362b1a811e006cff1d8cf887c5dff7085dd,./core/, TestCoordELFunctions,testCurrent,test fail, mer 8 apr 2020, 21.18.53, CEST,mer 8 apr 2020, 21.19.02, CEST
oozie,https://github.com/apache/oozie.git, fbf28362b1a811e006cff1d8cf887c5dff7085dd,./core/, TestCoordELFunctions,testCurrent,test fail, mer 8 apr 2020, 21.19.02, CEST,mer 8 apr 2020, 21.19.11, CEST
oozie,https://github.com/apache/oozie.git, fbf28362b1a811e006cff1d8cf887c5dff7085dd,./core/, TestCoordELFunctions,testCurrent,test fail, mer 8 apr 2020, 21.19.11, CEST,mer 8 apr 2020, 21.19.19, CEST
oozie,https://github.com/apache/oozie.git, fbf28362b1a811e006cff1d8cf887c5dff7085dd,./core/, TestCoordELFunctions,testCurrent,test fail, mer 8 apr 2020, 21.19.19, CEST,mer 8 apr 2020, 21.19.28, CEST
oozie,https://github.com/apache/oozie.git, fbf28362b1a811e006cff1d8cf887c5dff7085dd,./core/, TestCoordELFunctions,testCurrent,test fail, mer 8 apr 2020, 21.19.28, CEST,mer 8 apr 2020, 21.19.38, CEST
oozie,https://github.com/apache/oozie.git, fbf28362b1a811e006cff1d8cf887c5dff7085dd,./core/, TestCoordELFunctions,testCurrent,test fail, mer 8 apr 2020, 21.19.38, CEST,mer 8 apr 2020, 21.19.47, CEST
oozie,https://github.com/apache/oozie.git, fbf28362b1a811e006cff1d8cf887c5dff7085dd,./core/, TestCoordELFunctions,testCurrent,test fail, mer 8 apr 2020, 21.19.47, CEST,mer 8 apr 2020, 21.19.56, CEST
oozie,https://github.com/apache/oozie.git, fbf28362b1a811e006cff1d8cf887c5dff7085dd,./core/, TestCoordELFunctions,testCurrent,test fail, mer 8 apr 2020, 21.19.56, CEST,mer 8 apr 2020, 21.20.06, CEST
oozie,https://github.com/apache/oozie.git, fbf28362b1a811e006cff1d8cf887c5dff7085dd,./core/, TestCoordELFunctions,testCurrent,test fail, mer 8 apr 2020, 21.20.06, CEST,mer 8 apr 2020, 21.20.16, CEST
oozie,https://github.com/apache/oozie.git, fbf28362b1a811e006cff1d8cf887c5dff7085dd,./core/, TestCoordELFunctions,testCurrent,test fail, mer 8 apr 2020, 21.20.16, CEST,mer 8 apr 2020, 21.20.21, CEST
oozie,https://github.com/apache/oozie.git, fbf28362b1a811e006cff1d8cf887c5dff7085dd,./core/, TestCoordELFunctions,testCurrent,test fail, mer 8 apr 2020, 21.20.21, CEST,mer 8 apr 2020, 21.20.26, CEST
oozie,https://github.com/apache/oozie.git, fbf28362b1a811e006cff1d8cf887c5dff7085dd,./core/, TestCoordELFunctions,testCurrent,test fail, mer 8 apr 2020, 21.20.26, CEST,mer 8 apr 2020, 21.20.32, CEST
oozie,https://github.com/apache/oozie.git, fbf28362b1a811e006cff1d8cf887c5dff7085dd,./core/, TestCoordELFunctions,testCurrent,test fail, mer 8 apr 2020, 21.20.32, CEST,mer 8 apr 2020, 21.20.37, CEST
oozie,https://github.com/apache/oozie.git, fbf28362b1a811e006cff1d8cf887c5dff7085dd,./core/, TestCoordELFunctions,testCurrent,test fail, mer 8 apr 2020, 21.20.37, CEST,mer 8 apr 2020, 21.20.42, CEST
oozie,https://github.com/apache/oozie.git, fbf28362b1a811e006cff1d8cf887c5dff7085dd,./core/, TestCoordELFunctions,testCurrent,test fail, mer 8 apr 2020, 21.20.42, CEST,mer 8 apr 2020, 21.20.48, CEST
oozie,https://github.com/apache/oozie.git, fbf28362b1a811e006cff1d8cf887c5dff7085dd,./core/, TestCoordELFunctions,testCurrent,test fail, mer 8 apr 2020, 21.20.48, CEST,mer 8 apr 2020, 21.20.56, CEST
oozie,https://github.com/apache/oozie.git, fbf28362b1a811e006cff1d8cf887c5dff7085dd,./core/, TestCoordELFunctions,testCurrent,test fail, mer 8 apr 2020, 21.20.56, CEST,mer 8 apr 2020, 21.21.05, CEST
oozie,https://github.com/apache/oozie.git, fbf28362b1a811e006cff1d8cf887c5dff7085dd,./core/, TestCoordELFunctions,testCurrent,test fail, mer 8 apr 2020, 21.21.05, CEST,mer 8 apr 2020, 21.21.14, CEST
oozie,https://github.com/apache/oozie.git, fbf28362b1a811e006cff1d8cf887c5dff7085dd,./core/, TestCoordELFunctions,testCurrent,test fail, mer 8 apr 2020, 21.21.14, CEST,mer 8 apr 2020, 21.21.23, CEST
oozie,https://github.com/apache/oozie.git, fbf28362b1a811e006cff1d8cf887c5dff7085dd,./core/, TestCoordELFunctions,testCurrent,test fail, mer 8 apr 2020, 21.21.23, CEST,mer 8 apr 2020, 21.21.31, CEST
oozie,https://github.com/apache/oozie.git, fbf28362b1a811e006cff1d8cf887c5dff7085dd,./core/, TestCoordELFunctions,testCurrent,test fail, mer 8 apr 2020, 21.21.31, CEST,mer 8 apr 2020, 21.21.39, CEST
oozie,https://github.com/apache/oozie.git, fbf28362b1a811e006cff1d8cf887c5dff7085dd,./core/, TestCoordELFunctions,testCurrent,test fail, mer 8 apr 2020, 21.21.39, CEST,mer 8 apr 2020, 21.21.47, CEST
oozie,https://github.com/apache/oozie.git, fbf28362b1a811e006cff1d8cf887c5dff7085dd,./core/, TestCoordELFunctions,testCurrent,test fail, mer 8 apr 2020, 21.21.47, CEST,mer 8 apr 2020, 21.21.56, CEST
oozie,https://github.com/apache/oozie.git, fbf28362b1a811e006cff1d8cf887c5dff7085dd,./core/, TestCoordELFunctions,testCurrent,test fail, mer 8 apr 2020, 21.21.56, CEST,mer 8 apr 2020, 21.22.05, CEST
oozie,https://github.com/apache/oozie.git, fbf28362b1a811e006cff1d8cf887c5dff7085dd,./core/, TestCoordELFunctions,testCurrent,test fail, mer 8 apr 2020, 21.22.05, CEST,mer 8 apr 2020, 21.22.15, CEST
oozie,https://github.com/apache/oozie.git, fbf28362b1a811e006cff1d8cf887c5dff7085dd,./core/, TestCoordELFunctions,testCurrent,test fail, mer 8 apr 2020, 21.22.15, CEST,mer 8 apr 2020, 21.22.24, CEST
oozie,https://github.com/apache/oozie.git, fbf28362b1a811e006cff1d8cf887c5dff7085dd,./core/, TestCoordELFunctions,testCurrent,test fail, mer 8 apr 2020, 21.22.24, CEST,mer 8 apr 2020, 21.22.34, CEST
oozie,https://github.com/apache/oozie.git, fbf28362b1a811e006cff1d8cf887c5dff7085dd,./core/, TestCoordELFunctions,testCurrent,test fail, mer 8 apr 2020, 21.22.34, CEST,mer 8 apr 2020, 21.22.44, CEST
oozie,https://github.com/apache/oozie.git, fbf28362b1a811e006cff1d8cf887c5dff7085dd,./core/, TestCoordELFunctions,testCurrent,test fail, mer 8 apr 2020, 21.22.44, CEST,mer 8 apr 2020, 21.22.51, CEST
oozie,https://github.com/apache/oozie.git, fbf28362b1a811e006cff1d8cf887c5dff7085dd,./core/, TestCoordELFunctions,testCurrent,test fail, mer 8 apr 2020, 21.22.51, CEST,mer 8 apr 2020, 21.23.00, CEST
oozie,https://github.com/apache/oozie.git, fbf28362b1a811e006cff1d8cf887c5dff7085dd,./core/, TestCoordELFunctions,testCurrent,test fail, mer 8 apr 2020, 21.23.00, CEST,mer 8 apr 2020, 21.23.08, CEST
oozie,https://github.com/apache/oozie.git, fbf28362b1a811e006cff1d8cf887c5dff7085dd,./core/, TestCoordELFunctions,testCurrent,test fail, mer 8 apr 2020, 21.23.08, CEST,mer 8 apr 2020, 21.23.16, CEST
oozie,https://github.com/apache/oozie.git, fbf28362b1a811e006cff1d8cf887c5dff7085dd,./core/, TestCoordELFunctions,testCurrent,test fail, mer 8 apr 2020, 21.23.16, CEST,mer 8 apr 2020, 21.23.25, CEST
oozie,https://github.com/apache/oozie.git, fbf28362b1a811e006cff1d8cf887c5dff7085dd,./core/, TestCoordELFunctions,testCurrent,test fail, mer 8 apr 2020, 21.23.25, CEST,mer 8 apr 2020, 21.23.34, CEST
oozie,https://github.com/apache/oozie.git, fbf28362b1a811e006cff1d8cf887c5dff7085dd,./core/, TestCoordELFunctions,testCurrent,test fail, mer 8 apr 2020, 21.23.34, CEST,mer 8 apr 2020, 21.23.41, CEST
oozie,https://github.com/apache/oozie.git, fbf28362b1a811e006cff1d8cf887c5dff7085dd,./core/, TestCoordELFunctions,testCurrent,test fail, mer 8 apr 2020, 21.23.41, CEST,mer 8 apr 2020, 21.23.50, CEST
oozie,https://github.com/apache/oozie.git, fbf28362b1a811e006cff1d8cf887c5dff7085dd,./core/, TestCoordELFunctions,testCurrent,test fail, mer 8 apr 2020, 21.23.50, CEST,mer 8 apr 2020, 21.23.58, CEST
oozie,https://github.com/apache/oozie.git, fbf28362b1a811e006cff1d8cf887c5dff7085dd,./core/, TestCoordELFunctions,testCurrent,test fail, mer 8 apr 2020, 21.23.58, CEST,mer 8 apr 2020, 21.24.06, CEST
oozie,https://github.com/apache/oozie.git, fbf28362b1a811e006cff1d8cf887c5dff7085dd,./core/, TestCoordELFunctions,testCurrent,test fail, mer 8 apr 2020, 21.24.06, CEST,mer 8 apr 2020, 21.24.15, CEST
oozie,https://github.com/apache/oozie.git, fbf28362b1a811e006cff1d8cf887c5dff7085dd,./core/, TestCoordELFunctions,testCurrent,test fail, mer 8 apr 2020, 21.24.15, CEST,mer 8 apr 2020, 21.24.25, CEST
oozie,https://github.com/apache/oozie.git, fbf28362b1a811e006cff1d8cf887c5dff7085dd,./core/, TestCoordELFunctions,testCurrent,test fail, mer 8 apr 2020, 21.24.25, CEST,mer 8 apr 2020, 21.24.34, CEST
oozie,https://github.com/apache/oozie.git, fbf28362b1a811e006cff1d8cf887c5dff7085dd,./core/, TestCoordELFunctions,testCurrent,test fail, mer 8 apr 2020, 21.24.34, CEST,mer 8 apr 2020, 21.24.43, CEST
oozie,https://github.com/apache/oozie.git, fbf28362b1a811e006cff1d8cf887c5dff7085dd,./core/, TestCoordELFunctions,testCurrent,test fail, mer 8 apr 2020, 21.24.43, CEST,mer 8 apr 2020, 21.24.52, CEST
oozie,https://github.com/apache/oozie.git, fbf28362b1a811e006cff1d8cf887c5dff7085dd,./core/, TestCoordELFunctions,testCurrent,test fail, mer 8 apr 2020, 21.24.52, CEST,mer 8 apr 2020, 21.25.00, CEST
oozie,https://github.com/apache/oozie.git, fbf28362b1a811e006cff1d8cf887c5dff7085dd,./core/, TestCoordELFunctions,testCurrent,test fail, mer 8 apr 2020, 21.25.00, CEST,mer 8 apr 2020, 21.25.09, CEST
oozie,https://github.com/apache/oozie.git, fbf28362b1a811e006cff1d8cf887c5dff7085dd,./core/, TestCoordELFunctions,testCurrent,test fail, mer 8 apr 2020, 21.25.09, CEST,mer 8 apr 2020, 21.25.17, CEST
oozie,https://github.com/apache/oozie.git, fbf28362b1a811e006cff1d8cf887c5dff7085dd,./core/, TestCoordELFunctions,testCurrent,test fail, mer 8 apr 2020, 21.25.17, CEST,mer 8 apr 2020, 21.25.25, CEST
oozie,https://github.com/apache/oozie.git, fbf28362b1a811e006cff1d8cf887c5dff7085dd,./core/, TestCoordELFunctions,testCurrent,test fail, mer 8 apr 2020, 21.25.25, CEST,mer 8 apr 2020, 21.25.33, CEST
oozie,https://github.com/apache/oozie.git, fbf28362b1a811e006cff1d8cf887c5dff7085dd,./core/, TestCoordELFunctions,testCurrent,test fail, mer 8 apr 2020, 21.25.33, CEST,mer 8 apr 2020, 21.25.42, CEST
oozie,https://github.com/apache/oozie.git, fbf28362b1a811e006cff1d8cf887c5dff7085dd,./core/, TestCoordELFunctions,testCurrent,test fail, mer 8 apr 2020, 21.25.42, CEST,mer 8 apr 2020, 21.25.50, CEST
oozie,https://github.com/apache/oozie.git, fbf28362b1a811e006cff1d8cf887c5dff7085dd,./core/, TestCoordELFunctions,testCurrent,test fail, mer 8 apr 2020, 21.25.50, CEST,mer 8 apr 2020, 21.25.58, CEST
oozie,https://github.com/apache/oozie.git, fbf28362b1a811e006cff1d8cf887c5dff7085dd,./core/, TestCoordELFunctions,testCurrent,test fail, mer 8 apr 2020, 21.25.58, CEST,mer 8 apr 2020, 21.26.06, CEST
oozie,https://github.com/apache/oozie.git, fbf28362b1a811e006cff1d8cf887c5dff7085dd,./core/, TestCoordELFunctions,testCurrent,test fail, mer 8 apr 2020, 21.26.06, CEST,mer 8 apr 2020, 21.26.15, CEST
oozie,https://github.com/apache/oozie.git, fbf28362b1a811e006cff1d8cf887c5dff7085dd,./core/, TestCoordELFunctions,testCurrent,test fail, mer 8 apr 2020, 21.26.15, CEST,mer 8 apr 2020, 21.26.23, CEST
oozie,https://github.com/apache/oozie.git, fbf28362b1a811e006cff1d8cf887c5dff7085dd,./core/, TestCoordELFunctions,testCurrent,test fail, mer 8 apr 2020, 21.26.23, CEST,mer 8 apr 2020, 21.26.32, CEST
oozie,https://github.com/apache/oozie.git, fbf28362b1a811e006cff1d8cf887c5dff7085dd,./core/, TestCoordELFunctions,testCurrent,test fail, mer 8 apr 2020, 21.26.32, CEST,mer 8 apr 2020, 21.26.40, CEST
oozie,https://github.com/apache/oozie.git, fbf28362b1a811e006cff1d8cf887c5dff7085dd,./core/, TestCoordELFunctions,testCurrent,test fail, mer 8 apr 2020, 21.26.40, CEST,mer 8 apr 2020, 21.26.48, CEST
oozie,https://github.com/apache/oozie.git, fbf28362b1a811e006cff1d8cf887c5dff7085dd,./core/, TestCoordELFunctions,testCurrent,test fail, mer 8 apr 2020, 21.26.48, CEST,mer 8 apr 2020, 21.26.58, CEST
oozie,https://github.com/apache/oozie.git, fbf28362b1a811e006cff1d8cf887c5dff7085dd,./core/, TestCoordELFunctions,testCurrent,test fail, mer 8 apr 2020, 21.26.58, CEST,mer 8 apr 2020, 21.27.07, CEST
oozie,https://github.com/apache/oozie.git, fbf28362b1a811e006cff1d8cf887c5dff7085dd,./core/, TestCoordELFunctions,testCurrent,test fail, mer 8 apr 2020, 21.27.07, CEST,mer 8 apr 2020, 21.27.15, CEST
oozie,https://github.com/apache/oozie.git, fbf28362b1a811e006cff1d8cf887c5dff7085dd,./core/, TestCoordELFunctions,testCurrent,test fail, mer 8 apr 2020, 21.27.15, CEST,mer 8 apr 2020, 21.27.26, CEST
oozie,https://github.com/apache/oozie.git, fbf28362b1a811e006cff1d8cf887c5dff7085dd,./core/, TestCoordELFunctions,testCurrent,test fail, mer 8 apr 2020, 21.27.26, CEST,mer 8 apr 2020, 21.27.34, CEST
oozie,https://github.com/apache/oozie.git, fbf28362b1a811e006cff1d8cf887c5dff7085dd,./core/, TestCoordELFunctions,testCurrent,test fail, mer 8 apr 2020, 21.27.34, CEST,mer 8 apr 2020, 21.27.42, CEST
oozie,https://github.com/apache/oozie.git, fbf28362b1a811e006cff1d8cf887c5dff7085dd,./core/, TestCoordELFunctions,testCurrent,test fail, mer 8 apr 2020, 21.27.42, CEST,mer 8 apr 2020, 21.27.49, CEST
oozie,https://github.com/apache/oozie.git, fbf28362b1a811e006cff1d8cf887c5dff7085dd,./core/, TestCoordELFunctions,testCurrent,test fail, mer 8 apr 2020, 21.27.49, CEST,mer 8 apr 2020, 21.27.58, CEST
oozie,https://github.com/apache/oozie.git, fbf28362b1a811e006cff1d8cf887c5dff7085dd,./core/, TestCoordELFunctions,testCurrent,test fail, mer 8 apr 2020, 21.27.58, CEST,mer 8 apr 2020, 21.28.05, CEST
oozie,https://github.com/apache/oozie.git, fbf28362b1a811e006cff1d8cf887c5dff7085dd,./core/, TestCoordELFunctions,testCurrent,test fail, mer 8 apr 2020, 21.28.05, CEST,mer 8 apr 2020, 21.28.13, CEST
oozie,https://github.com/apache/oozie.git, fbf28362b1a811e006cff1d8cf887c5dff7085dd,./core/, TestCoordELFunctions,testCurrent,test fail, mer 8 apr 2020, 21.28.13, CEST,mer 8 apr 2020, 21.28.23, CEST
oozie,https://github.com/apache/oozie.git, fbf28362b1a811e006cff1d8cf887c5dff7085dd,./core/, TestCoordELFunctions,testCurrent,test fail, mer 8 apr 2020, 21.28.23, CEST,mer 8 apr 2020, 21.28.32, CEST
oozie,https://github.com/apache/oozie.git, fbf28362b1a811e006cff1d8cf887c5dff7085dd,./core/, TestCoordELFunctions,testCurrent,test fail, mer 8 apr 2020, 21.28.32, CEST,mer 8 apr 2020, 21.28.42, CEST
oozie,https://github.com/apache/oozie.git, fbf28362b1a811e006cff1d8cf887c5dff7085dd,./core/, TestCoordELFunctions,testCurrent,test fail, mer 8 apr 2020, 21.28.42, CEST,mer 8 apr 2020, 21.28.51, CEST
oozie,https://github.com/apache/oozie.git, fbf28362b1a811e006cff1d8cf887c5dff7085dd,./core/, TestCoordELFunctions,testCurrent,test fail, mer 8 apr 2020, 21.28.51, CEST,mer 8 apr 2020, 21.28.58, CEST
oozie,https://github.com/apache/oozie.git, fbf28362b1a811e006cff1d8cf887c5dff7085dd,./core/, TestCoordELFunctions,testCurrent,test fail, mer 8 apr 2020, 21.28.58, CEST,mer 8 apr 2020, 21.29.07, CEST
oozie,https://github.com/apache/oozie.git, fbf28362b1a811e006cff1d8cf887c5dff7085dd,./core/, TestCoordELFunctions,testCurrent,test fail, mer 8 apr 2020, 21.29.07, CEST,mer 8 apr 2020, 21.29.16, CEST
oozie,https://github.com/apache/oozie.git, fbf28362b1a811e006cff1d8cf887c5dff7085dd,./core/, TestCoordELFunctions,testCurrent,test fail, mer 8 apr 2020, 21.29.16, CEST,mer 8 apr 2020, 21.29.24, CEST
oozie,https://github.com/apache/oozie.git, fbf28362b1a811e006cff1d8cf887c5dff7085dd,./core/, TestCoordELFunctions,testCurrent,test fail, mer 8 apr 2020, 21.29.24, CEST,mer 8 apr 2020, 21.29.32, CEST
oozie,https://github.com/apache/oozie.git, fbf28362b1a811e006cff1d8cf887c5dff7085dd,./core/, TestCoordELFunctions,testCurrent,test fail, mer 8 apr 2020, 21.29.32, CEST,mer 8 apr 2020, 21.29.41, CEST
oozie,https://github.com/apache/oozie.git, fbf28362b1a811e006cff1d8cf887c5dff7085dd,./core/, TestCoordELFunctions,testCurrent,test fail, mer 8 apr 2020, 21.29.41, CEST,mer 8 apr 2020, 21.29.49, CEST
oozie,https://github.com/apache/oozie.git, fbf28362b1a811e006cff1d8cf887c5dff7085dd,./core/, TestCoordELFunctions,testCurrent,test fail, mer 8 apr 2020, 21.29.49, CEST,mer 8 apr 2020, 21.29.58, CEST
oozie,https://github.com/apache/oozie.git, fbf28362b1a811e006cff1d8cf887c5dff7085dd,./core/, TestCoordELFunctions,testCurrent,test fail, mer 8 apr 2020, 21.29.58, CEST,mer 8 apr 2020, 21.30.05, CEST
oozie,https://github.com/apache/oozie.git, fbf28362b1a811e006cff1d8cf887c5dff7085dd,./core/, TestCoordELFunctions,testCurrent,test fail, mer 8 apr 2020, 21.30.05, CEST,mer 8 apr 2020, 21.30.15, CEST
oozie,https://github.com/apache/oozie.git, fbf28362b1a811e006cff1d8cf887c5dff7085dd,./core/, TestCoordELFunctions,testCurrent,test fail, mer 8 apr 2020, 21.30.15, CEST,mer 8 apr 2020, 21.30.23, CEST
oozie,https://github.com/apache/oozie.git, fbf28362b1a811e006cff1d8cf887c5dff7085dd,./core/, TestCoordELFunctions,testCurrent,test fail, mer 8 apr 2020, 21.30.23, CEST,mer 8 apr 2020, 21.30.31, CEST
oozie,https://github.com/apache/oozie.git, fbf28362b1a811e006cff1d8cf887c5dff7085dd,./core/, TestCoordELFunctions,testCurrent,test fail, mer 8 apr 2020, 21.30.31, CEST,mer 8 apr 2020, 21.30.41, CEST
oozie,https://github.com/apache/oozie.git, fbf28362b1a811e006cff1d8cf887c5dff7085dd,./core/, TestCoordELFunctions,testCurrent,test fail, mer 8 apr 2020, 21.30.41, CEST,mer 8 apr 2020, 21.30.47, CEST
oozie,https://github.com/apache/oozie.git, fbf28362b1a811e006cff1d8cf887c5dff7085dd,./core/, TestCoordELFunctions,testCurrent,test fail, mer 8 apr 2020, 21.30.47, CEST,mer 8 apr 2020, 21.30.54, CEST
oozie,https://github.com/apache/oozie.git, fbf28362b1a811e006cff1d8cf887c5dff7085dd,./core/, TestCoordELFunctions,testCurrent,test fail, mer 8 apr 2020, 21.30.54, CEST,mer 8 apr 2020, 21.31.03, CEST
oozie,https://github.com/apache/oozie.git, fbf28362b1a811e006cff1d8cf887c5dff7085dd,./core/, TestCoordELFunctions,testCurrent,test fail, mer 8 apr 2020, 21.31.03, CEST,mer 8 apr 2020, 21.31.12, CEST
oozie,https://github.com/apache/oozie.git, fbf28362b1a811e006cff1d8cf887c5dff7085dd,./core/, TestCoordELFunctions,testCurrent,test fail, mer 8 apr 2020, 21.31.12, CEST,mer 8 apr 2020, 21.31.19, CEST
oozie,https://github.com/apache/oozie.git, fbf28362b1a811e006cff1d8cf887c5dff7085dd,./core/, TestCoordELFunctions,testCurrent,test fail, mer 8 apr 2020, 21.31.19, CEST,mer 8 apr 2020, 21.31.26, CEST
oozie,https://github.com/apache/oozie.git, fbf28362b1a811e006cff1d8cf887c5dff7085dd,./core/, TestCoordELFunctions,testCurrent,test fail, mer 8 apr 2020, 21.31.26, CEST,mer 8 apr 2020, 21.31.33, CEST
oozie,https://github.com/apache/oozie.git, fbf28362b1a811e006cff1d8cf887c5dff7085dd,./core/, TestCoordELFunctions,testCurrent,test fail, mer 8 apr 2020, 21.31.33, CEST,mer 8 apr 2020, 21.31.38, CEST
oozie,https://github.com/apache/oozie.git, fbf28362b1a811e006cff1d8cf887c5dff7085dd,./core/, TestCoordELFunctions,testCurrent,test fail, mer 8 apr 2020, 21.31.38, CEST,mer 8 apr 2020, 21.31.46, CEST
oozie,https://github.com/apache/oozie.git, fbf28362b1a811e006cff1d8cf887c5dff7085dd,./core/, TestCoordELFunctions,testCurrent,test fail, mer 8 apr 2020, 21.31.46, CEST,mer 8 apr 2020, 21.31.54, CEST
oozie,https://github.com/apache/oozie.git, fbf28362b1a811e006cff1d8cf887c5dff7085dd,./core/, TestCoordELFunctions,testCurrent,test fail, mer 8 apr 2020, 21.31.54, CEST,mer 8 apr 2020, 21.32.03, CEST
oozie,https://github.com/apache/oozie.git, fbf28362b1a811e006cff1d8cf887c5dff7085dd,./core/, TestCoordELFunctions,testCurrent,test fail, mer 8 apr 2020, 21.32.03, CEST,mer 8 apr 2020, 21.32.11, CEST
oozie,https://github.com/apache/oozie.git, fbf28362b1a811e006cff1d8cf887c5dff7085dd,./core/, TestCoordELFunctions,testCurrent,test fail, mer 8 apr 2020, 21.32.11, CEST,mer 8 apr 2020, 21.32.18, CEST
oozie,https://github.com/apache/oozie.git, fbf28362b1a811e006cff1d8cf887c5dff7085dd,./core/, TestCoordELFunctions,testCurrent,test fail, mer 8 apr 2020, 21.32.18, CEST,mer 8 apr 2020, 21.32.25, CEST
oozie,https://github.com/apache/oozie.git, fbf28362b1a811e006cff1d8cf887c5dff7085dd,./core/, TestCoordELFunctions,testCurrent,test fail, mer 8 apr 2020, 21.32.25, CEST,mer 8 apr 2020, 21.32.32, CEST
oozie,https://github.com/apache/oozie.git, fbf28362b1a811e006cff1d8cf887c5dff7085dd,./core/, TestCoordELFunctions,testCurrent,test fail, mer 8 apr 2020, 21.32.32, CEST,mer 8 apr 2020, 21.32.39, CEST
oozie,https://github.com/apache/oozie.git, fbf28362b1a811e006cff1d8cf887c5dff7085dd,./core/, TestCoordELFunctions,testCurrent,test fail, mer 8 apr 2020, 21.32.39, CEST,mer 8 apr 2020, 21.32.45, CEST
oozie,https://github.com/apache/oozie.git, fbf28362b1a811e006cff1d8cf887c5dff7085dd,./core/, TestCoordELFunctions,testCurrent,test fail, mer 8 apr 2020, 21.32.45, CEST,mer 8 apr 2020, 21.32.52, CEST
oozie,https://github.com/apache/oozie.git, fbf28362b1a811e006cff1d8cf887c5dff7085dd,./core/, TestCoordELFunctions,testCurrent,test fail, mer 8 apr 2020, 21.32.52, CEST,mer 8 apr 2020, 21.33.00, CEST
oozie,https://github.com/apache/oozie.git, fbf28362b1a811e006cff1d8cf887c5dff7085dd,./core/, TestCoordELFunctions,testCurrent,test fail, mer 8 apr 2020, 21.33.00, CEST,mer 8 apr 2020, 21.33.06, CEST
oozie,https://github.com/apache/oozie.git, fbf28362b1a811e006cff1d8cf887c5dff7085dd,./core/, TestCoordELFunctions,testCurrent,test fail, mer 8 apr 2020, 21.33.07, CEST,mer 8 apr 2020, 21.33.13, CEST
oozie,https://github.com/apache/oozie.git, fbf28362b1a811e006cff1d8cf887c5dff7085dd,./core/, TestCoordELFunctions,testCurrent,test fail, mer 8 apr 2020, 21.33.13, CEST,mer 8 apr 2020, 21.33.21, CEST
oozie,https://github.com/apache/oozie.git, fbf28362b1a811e006cff1d8cf887c5dff7085dd,./core/, TestCoordELFunctions,testCurrent,test fail, mer 8 apr 2020, 21.33.21, CEST,mer 8 apr 2020, 21.33.28, CEST
oozie,https://github.com/apache/oozie.git, fbf28362b1a811e006cff1d8cf887c5dff7085dd,./core/, TestCoordELFunctions,testCurrent,test fail, mer 8 apr 2020, 21.33.28, CEST,mer 8 apr 2020, 21.33.36, CEST
oozie,https://github.com/apache/oozie.git, fbf28362b1a811e006cff1d8cf887c5dff7085dd,./core/, TestCoordELFunctions,testCurrent,test fail, mer 8 apr 2020, 21.33.36, CEST,mer 8 apr 2020, 21.33.43, CEST
oozie,https://github.com/apache/oozie.git, fbf28362b1a811e006cff1d8cf887c5dff7085dd,./core/, TestCoordELFunctions,testCurrent,test fail, mer 8 apr 2020, 21.33.43, CEST,mer 8 apr 2020, 21.33.50, CEST
oozie,https://github.com/apache/oozie.git, fbf28362b1a811e006cff1d8cf887c5dff7085dd,./core/, TestCoordELFunctions,testCurrent,test fail, mer 8 apr 2020, 21.33.50, CEST,mer 8 apr 2020, 21.33.57, CEST
oozie,https://github.com/apache/oozie.git, fbf28362b1a811e006cff1d8cf887c5dff7085dd,./core/, TestCoordELFunctions,testCurrent,test fail, mer 8 apr 2020, 21.33.57, CEST,mer 8 apr 2020, 21.34.04, CEST
oozie,https://github.com/apache/oozie.git, fbf28362b1a811e006cff1d8cf887c5dff7085dd,./core/, TestCoordELFunctions,testCurrent,test fail, mer 8 apr 2020, 21.34.04, CEST,mer 8 apr 2020, 21.34.12, CEST
oozie,https://github.com/apache/oozie.git, fbf28362b1a811e006cff1d8cf887c5dff7085dd,./core/, TestCoordELFunctions,testCurrent,test fail, mer 8 apr 2020, 21.34.12, CEST,mer 8 apr 2020, 21.34.20, CEST
oozie,https://github.com/apache/oozie.git, fbf28362b1a811e006cff1d8cf887c5dff7085dd,./core/, TestCoordELFunctions,testCurrent,test fail, mer 8 apr 2020, 21.34.20, CEST,mer 8 apr 2020, 21.34.27, CEST
oozie,https://github.com/apache/oozie.git, fbf28362b1a811e006cff1d8cf887c5dff7085dd,./core/, TestCoordELFunctions,testCurrent,test fail, mer 8 apr 2020, 21.34.27, CEST,mer 8 apr 2020, 21.34.34, CEST
oozie,https://github.com/apache/oozie.git, fbf28362b1a811e006cff1d8cf887c5dff7085dd,./core/, TestCoordELFunctions,testCurrent,test fail, mer 8 apr 2020, 21.34.34, CEST,mer 8 apr 2020, 21.34.41, CEST
oozie,https://github.com/apache/oozie.git, fbf28362b1a811e006cff1d8cf887c5dff7085dd,./core/, TestCoordELFunctions,testCurrent,test fail, mer 8 apr 2020, 21.34.41, CEST,mer 8 apr 2020, 21.34.47, CEST
oozie,https://github.com/apache/oozie.git, fbf28362b1a811e006cff1d8cf887c5dff7085dd,./core/, TestCoordELFunctions,testCurrent,test fail, mer 8 apr 2020, 21.34.47, CEST,mer 8 apr 2020, 21.34.54, CEST
oozie,https://github.com/apache/oozie.git, fbf28362b1a811e006cff1d8cf887c5dff7085dd,./core/, TestCoordELFunctions,testCurrent,test fail, mer 8 apr 2020, 21.34.54, CEST,mer 8 apr 2020, 21.35.01, CEST
oozie,https://github.com/apache/oozie.git, fbf28362b1a811e006cff1d8cf887c5dff7085dd,./core/, TestCoordELFunctions,testCurrent,test fail, mer 8 apr 2020, 21.35.01, CEST,mer 8 apr 2020, 21.35.08, CEST
oozie,https://github.com/apache/oozie.git, fbf28362b1a811e006cff1d8cf887c5dff7085dd,./core/, TestCoordELFunctions,testCurrent,test fail, mer 8 apr 2020, 21.35.08, CEST,mer 8 apr 2020, 21.35.16, CEST
oozie,https://github.com/apache/oozie.git, fbf28362b1a811e006cff1d8cf887c5dff7085dd,./core/, TestCoordELFunctions,testCurrent,test fail, mer 8 apr 2020, 21.35.16, CEST,mer 8 apr 2020, 21.35.24, CEST
oozie,https://github.com/apache/oozie.git, fbf28362b1a811e006cff1d8cf887c5dff7085dd,./core/, TestCoordELFunctions,testCurrent,test fail, mer 8 apr 2020, 21.35.24, CEST,mer 8 apr 2020, 21.35.32, CEST
oozie,https://github.com/apache/oozie.git, fbf28362b1a811e006cff1d8cf887c5dff7085dd,./core/, TestCoordELFunctions,testCurrent,test fail, mer 8 apr 2020, 21.35.32, CEST,mer 8 apr 2020, 21.35.38, CEST
oozie,https://github.com/apache/oozie.git, fbf28362b1a811e006cff1d8cf887c5dff7085dd,./core/, TestCoordELFunctions,testCurrent,test fail, mer 8 apr 2020, 21.35.38, CEST,mer 8 apr 2020, 21.35.46, CEST
oozie,https://github.com/apache/oozie.git, fbf28362b1a811e006cff1d8cf887c5dff7085dd,./core/, TestCoordELFunctions,testCurrent,test fail, mer 8 apr 2020, 21.35.46, CEST,mer 8 apr 2020, 21.35.53, CEST
oozie,https://github.com/apache/oozie.git, fbf28362b1a811e006cff1d8cf887c5dff7085dd,./core/, TestCoordELFunctions,testCurrent,test fail, mer 8 apr 2020, 21.35.53, CEST,mer 8 apr 2020, 21.36.01, CEST
oozie,https://github.com/apache/oozie.git, fbf28362b1a811e006cff1d8cf887c5dff7085dd,./core/, TestCoordELFunctions,testCurrent,test fail, mer 8 apr 2020, 21.36.01, CEST,mer 8 apr 2020, 21.36.09, CEST
oozie,https://github.com/apache/oozie.git, fbf28362b1a811e006cff1d8cf887c5dff7085dd,./core/, TestCoordELFunctions,testCurrent,test fail, mer 8 apr 2020, 21.36.09, CEST,mer 8 apr 2020, 21.36.17, CEST
oozie,https://github.com/apache/oozie.git, fbf28362b1a811e006cff1d8cf887c5dff7085dd,./core/, TestCoordELFunctions,testCurrent,test fail, mer 8 apr 2020, 21.36.17, CEST,mer 8 apr 2020, 21.36.26, CEST
oozie,https://github.com/apache/oozie.git, fbf28362b1a811e006cff1d8cf887c5dff7085dd,./core/, TestCoordELFunctions,testCurrent,test fail, mer 8 apr 2020, 21.36.26, CEST,mer 8 apr 2020, 21.36.35, CEST
oozie,https://github.com/apache/oozie.git, fbf28362b1a811e006cff1d8cf887c5dff7085dd,./core/, TestCoordELFunctions,testCurrent,test fail, mer 8 apr 2020, 21.36.35, CEST,mer 8 apr 2020, 21.36.46, CEST
oozie,https://github.com/apache/oozie.git, fbf28362b1a811e006cff1d8cf887c5dff7085dd,./core/, TestCoordELFunctions,testCurrent,test fail, mer 8 apr 2020, 21.36.46, CEST,mer 8 apr 2020, 21.36.55, CEST
oozie,https://github.com/apache/oozie.git, fbf28362b1a811e006cff1d8cf887c5dff7085dd,./core/, TestCoordELFunctions,testCurrent,test fail, mer 8 apr 2020, 21.36.55, CEST,mer 8 apr 2020, 21.37.04, CEST
oozie,https://github.com/apache/oozie.git, fbf28362b1a811e006cff1d8cf887c5dff7085dd,./core/, TestCoordELFunctions,testCurrent,test fail, mer 8 apr 2020, 21.37.04, CEST,mer 8 apr 2020, 21.37.12, CEST
oozie,https://github.com/apache/oozie.git, fbf28362b1a811e006cff1d8cf887c5dff7085dd,./core/, TestCoordELFunctions,testCurrent,test fail, mer 8 apr 2020, 21.37.12, CEST,mer 8 apr 2020, 21.37.20, CEST
oozie,https://github.com/apache/oozie.git, fbf28362b1a811e006cff1d8cf887c5dff7085dd,./core/, TestCoordELFunctions,testCurrent,test fail, mer 8 apr 2020, 21.37.20, CEST,mer 8 apr 2020, 21.37.28, CEST
oozie,https://github.com/apache/oozie.git, fbf28362b1a811e006cff1d8cf887c5dff7085dd,./core/, TestCoordELFunctions,testCurrent,test fail, mer 8 apr 2020, 21.37.28, CEST,mer 8 apr 2020, 21.37.36, CEST
oozie,https://github.com/apache/oozie.git, fbf28362b1a811e006cff1d8cf887c5dff7085dd,./core/, TestCoordELFunctions,testCurrent,test fail, mer 8 apr 2020, 21.37.36, CEST,mer 8 apr 2020, 21.37.45, CEST
oozie,https://github.com/apache/oozie.git, fbf28362b1a811e006cff1d8cf887c5dff7085dd,./core/, TestCoordELFunctions,testCurrent,test fail, mer 8 apr 2020, 21.37.45, CEST,mer 8 apr 2020, 21.37.53, CEST
oozie,https://github.com/apache/oozie.git, fbf28362b1a811e006cff1d8cf887c5dff7085dd,./core/, TestCoordELFunctions,testCurrent,test fail, mer 8 apr 2020, 21.37.53, CEST,mer 8 apr 2020, 21.38.01, CEST
oozie,https://github.com/apache/oozie.git, fbf28362b1a811e006cff1d8cf887c5dff7085dd,./core/, TestCoordELFunctions,testCurrent,test fail, mer 8 apr 2020, 21.38.01, CEST,mer 8 apr 2020, 21.38.09, CEST
oozie,https://github.com/apache/oozie.git, fbf28362b1a811e006cff1d8cf887c5dff7085dd,./core/, TestCoordELFunctions,testCurrent,test fail, mer 8 apr 2020, 21.38.09, CEST,mer 8 apr 2020, 21.38.17, CEST
oozie,https://github.com/apache/oozie.git, fbf28362b1a811e006cff1d8cf887c5dff7085dd,./core/, TestCoordELFunctions,testCurrent,test fail, mer 8 apr 2020, 21.38.17, CEST,mer 8 apr 2020, 21.38.25, CEST
oozie,https://github.com/apache/oozie.git, fbf28362b1a811e006cff1d8cf887c5dff7085dd,./core/, TestCoordELFunctions,testCurrent,test fail, mer 8 apr 2020, 21.38.25, CEST,mer 8 apr 2020, 21.38.34, CEST
oozie,https://github.com/apache/oozie.git, fbf28362b1a811e006cff1d8cf887c5dff7085dd,./core/, TestCoordELFunctions,testCurrent,test fail, mer 8 apr 2020, 21.38.34, CEST,mer 8 apr 2020, 21.38.42, CEST
oozie,https://github.com/apache/oozie.git, fbf28362b1a811e006cff1d8cf887c5dff7085dd,./core/, TestCoordELFunctions,testCurrent,test fail, mer 8 apr 2020, 21.38.42, CEST,mer 8 apr 2020, 21.38.50, CEST
oozie,https://github.com/apache/oozie.git, fbf28362b1a811e006cff1d8cf887c5dff7085dd,./core/, TestCoordELFunctions,testCurrent,test fail, mer 8 apr 2020, 21.38.50, CEST,mer 8 apr 2020, 21.38.58, CEST
oozie,https://github.com/apache/oozie.git, fbf28362b1a811e006cff1d8cf887c5dff7085dd,./core/, TestCoordELFunctions,testCurrent,test fail, mer 8 apr 2020, 21.38.58, CEST,mer 8 apr 2020, 21.39.06, CEST
oozie,https://github.com/apache/oozie.git, fbf28362b1a811e006cff1d8cf887c5dff7085dd,./core/, TestCoordELFunctions,testCurrent,test fail, mer 8 apr 2020, 21.39.06, CEST,mer 8 apr 2020, 21.39.14, CEST
oozie,https://github.com/apache/oozie.git, fbf28362b1a811e006cff1d8cf887c5dff7085dd,./core/, TestCoordELFunctions,testCurrent,test fail, mer 8 apr 2020, 21.39.14, CEST,mer 8 apr 2020, 21.39.23, CEST
oozie,https://github.com/apache/oozie.git, fbf28362b1a811e006cff1d8cf887c5dff7085dd,./core/, TestCoordELFunctions,testCurrent,test fail, mer 8 apr 2020, 21.39.23, CEST,mer 8 apr 2020, 21.39.30, CEST
oozie,https://github.com/apache/oozie.git, fbf28362b1a811e006cff1d8cf887c5dff7085dd,./core/, TestCoordELFunctions,testCurrent,test fail, mer 8 apr 2020, 21.39.30, CEST,mer 8 apr 2020, 21.39.37, CEST
oozie,https://github.com/apache/oozie.git, fbf28362b1a811e006cff1d8cf887c5dff7085dd,./core/, TestCoordELFunctions,testCurrent,test fail, mer 8 apr 2020, 21.39.37, CEST,mer 8 apr 2020, 21.39.44, CEST
oozie,https://github.com/apache/oozie.git, fbf28362b1a811e006cff1d8cf887c5dff7085dd,./core/, TestCoordELFunctions,testCurrent,test fail, mer 8 apr 2020, 21.39.44, CEST,mer 8 apr 2020, 21.39.52, CEST
oozie,https://github.com/apache/oozie.git, fbf28362b1a811e006cff1d8cf887c5dff7085dd,./core/, TestCoordELFunctions,testCurrent,test fail, mer 8 apr 2020, 21.39.52, CEST,mer 8 apr 2020, 21.39.58, CEST
oozie,https://github.com/apache/oozie.git, fbf28362b1a811e006cff1d8cf887c5dff7085dd,./core/, TestCoordELFunctions,testCurrent,test fail, mer 8 apr 2020, 21.39.58, CEST,mer 8 apr 2020, 21.40.06, CEST
oozie,https://github.com/apache/oozie.git, fbf28362b1a811e006cff1d8cf887c5dff7085dd,./core/, TestCoordELFunctions,testCurrent,test fail, mer 8 apr 2020, 21.40.06, CEST,mer 8 apr 2020, 21.40.12, CEST
oozie,https://github.com/apache/oozie.git, fbf28362b1a811e006cff1d8cf887c5dff7085dd,./core/, TestCoordELFunctions,testCurrent,test fail, mer 8 apr 2020, 21.40.12, CEST,mer 8 apr 2020, 21.40.19, CEST
oozie,https://github.com/apache/oozie.git, fbf28362b1a811e006cff1d8cf887c5dff7085dd,./core/, TestCoordELFunctions,testCurrent,test fail, mer 8 apr 2020, 21.40.19, CEST,mer 8 apr 2020, 21.40.27, CEST
oozie,https://github.com/apache/oozie.git, fbf28362b1a811e006cff1d8cf887c5dff7085dd,./core/, TestCoordELFunctions,testCurrent,test fail, mer 8 apr 2020, 21.40.27, CEST,mer 8 apr 2020, 21.40.34, CEST
oozie,https://github.com/apache/oozie.git, fbf28362b1a811e006cff1d8cf887c5dff7085dd,./core/, TestCoordELFunctions,testCurrent,test fail, mer 8 apr 2020, 21.40.34, CEST,mer 8 apr 2020, 21.40.41, CEST
oozie,https://github.com/apache/oozie.git, fbf28362b1a811e006cff1d8cf887c5dff7085dd,./core/, TestCoordELFunctions,testCurrent,test fail, mer 8 apr 2020, 21.40.41, CEST,mer 8 apr 2020, 21.40.49, CEST
oozie,https://github.com/apache/oozie.git, fbf28362b1a811e006cff1d8cf887c5dff7085dd,./core/, TestCoordELFunctions,testCurrent,test fail, mer 8 apr 2020, 21.40.49, CEST,mer 8 apr 2020, 21.40.56, CEST
oozie,https://github.com/apache/oozie.git, fbf28362b1a811e006cff1d8cf887c5dff7085dd,./core/, TestCoordELFunctions,testCurrent,test fail, mer 8 apr 2020, 21.40.56, CEST,mer 8 apr 2020, 21.41.04, CEST
oozie,https://github.com/apache/oozie.git, fbf28362b1a811e006cff1d8cf887c5dff7085dd,./core/, TestCoordELFunctions,testCurrent,test fail, mer 8 apr 2020, 21.41.04, CEST,mer 8 apr 2020, 21.41.12, CEST
oozie,https://github.com/apache/oozie.git, fbf28362b1a811e006cff1d8cf887c5dff7085dd,./core/, TestCoordELFunctions,testCurrent,test fail, mer 8 apr 2020, 21.41.12, CEST,mer 8 apr 2020, 21.41.17, CEST
oozie,https://github.com/apache/oozie.git, fbf28362b1a811e006cff1d8cf887c5dff7085dd,./core/, TestCoordELFunctions,testCurrent,test fail, mer 8 apr 2020, 21.41.17, CEST,mer 8 apr 2020, 21.41.22, CEST
oozie,https://github.com/apache/oozie.git, fbf28362b1a811e006cff1d8cf887c5dff7085dd,./core/, TestCoordELFunctions,testCurrent,test fail, mer 8 apr 2020, 21.41.22, CEST,mer 8 apr 2020, 21.41.28, CEST
oozie,https://github.com/apache/oozie.git, fbf28362b1a811e006cff1d8cf887c5dff7085dd,./core/, TestCoordELFunctions,testCurrent,test fail, mer 8 apr 2020, 21.41.28, CEST,mer 8 apr 2020, 21.41.33, CEST
oozie,https://github.com/apache/oozie.git, fbf28362b1a811e006cff1d8cf887c5dff7085dd,./core/, TestCoordELFunctions,testCurrent,test fail, mer 8 apr 2020, 21.41.33, CEST,mer 8 apr 2020, 21.41.39, CEST
oozie,https://github.com/apache/oozie.git, fbf28362b1a811e006cff1d8cf887c5dff7085dd,./core/, TestCoordELFunctions,testCurrent,test fail, mer 8 apr 2020, 21.41.39, CEST,mer 8 apr 2020, 21.41.44, CEST
oozie,https://github.com/apache/oozie.git, fbf28362b1a811e006cff1d8cf887c5dff7085dd,./core/, TestCoordELFunctions,testCurrent,test fail, mer 8 apr 2020, 21.41.44, CEST,mer 8 apr 2020, 21.41.54, CEST
oozie,https://github.com/apache/oozie.git, fbf28362b1a811e006cff1d8cf887c5dff7085dd,./core/, TestCoordELFunctions,testCurrent,test fail, mer 8 apr 2020, 21.41.54, CEST,mer 8 apr 2020, 21.42.03, CEST
oozie,https://github.com/apache/oozie.git, fbf28362b1a811e006cff1d8cf887c5dff7085dd,./core/, TestCoordELFunctions,testCurrent,test fail, mer 8 apr 2020, 21.42.03, CEST,mer 8 apr 2020, 21.42.12, CEST
oozie,https://github.com/apache/oozie.git, fbf28362b1a811e006cff1d8cf887c5dff7085dd,./core/, TestCoordELFunctions,testCurrent,test fail, mer 8 apr 2020, 21.42.12, CEST,mer 8 apr 2020, 21.42.21, CEST
oozie,https://github.com/apache/oozie.git, fbf28362b1a811e006cff1d8cf887c5dff7085dd,./core/, TestCoordELFunctions,testCurrent,test fail, mer 8 apr 2020, 21.42.21, CEST,mer 8 apr 2020, 21.42.30, CEST
oozie,https://github.com/apache/oozie.git, fbf28362b1a811e006cff1d8cf887c5dff7085dd,./core/, TestCoordELFunctions,testCurrent,test fail, mer 8 apr 2020, 21.42.30, CEST,mer 8 apr 2020, 21.42.40, CEST
oozie,https://github.com/apache/oozie.git, fbf28362b1a811e006cff1d8cf887c5dff7085dd,./core/, TestCoordELFunctions,testCurrent,test fail, mer 8 apr 2020, 21.42.40, CEST,mer 8 apr 2020, 21.42.49, CEST
oozie,https://github.com/apache/oozie.git, fbf28362b1a811e006cff1d8cf887c5dff7085dd,./core/, TestCoordELFunctions,testCurrent,test fail, mer 8 apr 2020, 21.42.49, CEST,mer 8 apr 2020, 21.42.59, CEST
oozie,https://github.com/apache/oozie.git, fbf28362b1a811e006cff1d8cf887c5dff7085dd,./core/, TestCoordELFunctions,testCurrent,test fail, mer 8 apr 2020, 21.42.59, CEST,mer 8 apr 2020, 21.43.04, CEST
oozie,https://github.com/apache/oozie.git, fbf28362b1a811e006cff1d8cf887c5dff7085dd,./core/, TestCoordELFunctions,testCurrent,test fail, mer 8 apr 2020, 21.43.04, CEST,mer 8 apr 2020, 21.43.10, CEST
oozie,https://github.com/apache/oozie.git, fbf28362b1a811e006cff1d8cf887c5dff7085dd,./core/, TestCoordELFunctions,testCurrent,test fail, mer 8 apr 2020, 21.43.10, CEST,mer 8 apr 2020, 21.43.15, CEST
oozie,https://github.com/apache/oozie.git, fbf28362b1a811e006cff1d8cf887c5dff7085dd,./core/, TestCoordELFunctions,testCurrent,test fail, mer 8 apr 2020, 21.43.15, CEST,mer 8 apr 2020, 21.43.21, CEST
oozie,https://github.com/apache/oozie.git, fbf28362b1a811e006cff1d8cf887c5dff7085dd,./core/, TestCoordELFunctions,testCurrent,test fail, mer 8 apr 2020, 21.43.21, CEST,mer 8 apr 2020, 21.43.26, CEST
oozie,https://github.com/apache/oozie.git, fbf28362b1a811e006cff1d8cf887c5dff7085dd,./core/, TestCoordELFunctions,testCurrent,test fail, mer 8 apr 2020, 21.43.26, CEST,mer 8 apr 2020, 21.43.32, CEST
oozie,https://github.com/apache/oozie.git, fbf28362b1a811e006cff1d8cf887c5dff7085dd,./core/, TestCoordELFunctions,testCurrent,test fail, mer 8 apr 2020, 21.43.32, CEST,mer 8 apr 2020, 21.43.39, CEST
oozie,https://github.com/apache/oozie.git, fbf28362b1a811e006cff1d8cf887c5dff7085dd,./core/, TestCoordELFunctions,testCurrent,test fail, mer 8 apr 2020, 21.43.39, CEST,mer 8 apr 2020, 21.43.46, CEST
oozie,https://github.com/apache/oozie.git, fbf28362b1a811e006cff1d8cf887c5dff7085dd,./core/, TestCoordELFunctions,testCurrent,test fail, mer 8 apr 2020, 21.43.46, CEST,mer 8 apr 2020, 21.43.56, CEST
oozie,https://github.com/apache/oozie.git, fbf28362b1a811e006cff1d8cf887c5dff7085dd,./core/, TestCoordELFunctions,testCurrent,test fail, mer 8 apr 2020, 21.43.56, CEST,mer 8 apr 2020, 21.44.05, CEST
oozie,https://github.com/apache/oozie.git, fbf28362b1a811e006cff1d8cf887c5dff7085dd,./core/, TestCoordELFunctions,testCurrent,test fail, mer 8 apr 2020, 21.44.05, CEST,mer 8 apr 2020, 21.44.13, CEST
oozie,https://github.com/apache/oozie.git, fbf28362b1a811e006cff1d8cf887c5dff7085dd,./core/, TestCoordELFunctions,testCurrent,test fail, mer 8 apr 2020, 21.44.13, CEST,mer 8 apr 2020, 21.44.20, CEST
oozie,https://github.com/apache/oozie.git, fbf28362b1a811e006cff1d8cf887c5dff7085dd,./core/, TestCoordELFunctions,testCurrent,test fail, mer 8 apr 2020, 21.44.20, CEST,mer 8 apr 2020, 21.44.27, CEST
oozie,https://github.com/apache/oozie.git, fbf28362b1a811e006cff1d8cf887c5dff7085dd,./core/, TestCoordELFunctions,testCurrent,test fail, mer 8 apr 2020, 21.44.27, CEST,mer 8 apr 2020, 21.44.35, CEST
oozie,https://github.com/apache/oozie.git, fbf28362b1a811e006cff1d8cf887c5dff7085dd,./core/, TestCoordELFunctions,testCurrent,test fail, mer 8 apr 2020, 21.44.35, CEST,mer 8 apr 2020, 21.44.43, CEST
oozie,https://github.com/apache/oozie.git, fbf28362b1a811e006cff1d8cf887c5dff7085dd,./core/, TestCoordELFunctions,testCurrent,test fail, mer 8 apr 2020, 21.44.43, CEST,mer 8 apr 2020, 21.44.52, CEST
oozie,https://github.com/apache/oozie.git, fbf28362b1a811e006cff1d8cf887c5dff7085dd,./core/, TestCoordELFunctions,testCurrent,test fail, mer 8 apr 2020, 21.44.52, CEST,mer 8 apr 2020, 21.45.00, CEST
oozie,https://github.com/apache/oozie.git, fbf28362b1a811e006cff1d8cf887c5dff7085dd,./core/, TestCoordELFunctions,testCurrent,test fail, mer 8 apr 2020, 21.45.00, CEST,mer 8 apr 2020, 21.45.08, CEST
oozie,https://github.com/apache/oozie.git, fbf28362b1a811e006cff1d8cf887c5dff7085dd,./core/, TestCoordELFunctions,testCurrent,test fail, mer 8 apr 2020, 21.45.08, CEST,mer 8 apr 2020, 21.45.15, CEST
oozie,https://github.com/apache/oozie.git, fbf28362b1a811e006cff1d8cf887c5dff7085dd,./core/, TestCoordELFunctions,testCurrent,test fail, mer 8 apr 2020, 21.45.15, CEST,mer 8 apr 2020, 21.45.24, CEST
oozie,https://github.com/apache/oozie.git, fbf28362b1a811e006cff1d8cf887c5dff7085dd,./core/, TestCoordELFunctions,testCurrent,test fail, mer 8 apr 2020, 21.45.24, CEST,mer 8 apr 2020, 21.45.32, CEST
oozie,https://github.com/apache/oozie.git, fbf28362b1a811e006cff1d8cf887c5dff7085dd,./core/, TestCoordELFunctions,testCurrent,test fail, mer 8 apr 2020, 21.45.32, CEST,mer 8 apr 2020, 21.45.39, CEST
oozie,https://github.com/apache/oozie.git, fbf28362b1a811e006cff1d8cf887c5dff7085dd,./core/, TestCoordELFunctions,testCurrent,test fail, mer 8 apr 2020, 21.45.39, CEST,mer 8 apr 2020, 21.45.46, CEST
oozie,https://github.com/apache/oozie.git, fbf28362b1a811e006cff1d8cf887c5dff7085dd,./core/, TestCoordELFunctions,testCurrent,test fail, mer 8 apr 2020, 21.45.46, CEST,mer 8 apr 2020, 21.45.54, CEST
oozie,https://github.com/apache/oozie.git, fbf28362b1a811e006cff1d8cf887c5dff7085dd,./core/, TestCoordELFunctions,testCurrent,test fail, mer 8 apr 2020, 21.45.54, CEST,mer 8 apr 2020, 21.46.01, CEST
oozie,https://github.com/apache/oozie.git, fbf28362b1a811e006cff1d8cf887c5dff7085dd,./core/, TestCoordELFunctions,testCurrent,test fail, mer 8 apr 2020, 21.46.02, CEST,mer 8 apr 2020, 21.46.09, CEST
oozie,https://github.com/apache/oozie.git, fbf28362b1a811e006cff1d8cf887c5dff7085dd,./core/, TestCoordELFunctions,testCurrent,test fail, mer 8 apr 2020, 21.46.09, CEST,mer 8 apr 2020, 21.46.18, CEST
oozie,https://github.com/apache/oozie.git, fbf28362b1a811e006cff1d8cf887c5dff7085dd,./core/, TestCoordELFunctions,testCurrent,test fail, mer 8 apr 2020, 21.46.18, CEST,mer 8 apr 2020, 21.46.25, CEST
oozie,https://github.com/apache/oozie.git, fbf28362b1a811e006cff1d8cf887c5dff7085dd,./core/, TestCoordELFunctions,testCurrent,test fail, mer 8 apr 2020, 21.46.25, CEST,mer 8 apr 2020, 21.46.31, CEST
oozie,https://github.com/apache/oozie.git, fbf28362b1a811e006cff1d8cf887c5dff7085dd,./core/, TestCoordELFunctions,testCurrent,test fail, mer 8 apr 2020, 21.46.31, CEST,mer 8 apr 2020, 21.46.39, CEST
oozie,https://github.com/apache/oozie.git, fbf28362b1a811e006cff1d8cf887c5dff7085dd,./core/, TestCoordELFunctions,testCurrent,test fail, mer 8 apr 2020, 21.46.39, CEST,mer 8 apr 2020, 21.46.46, CEST
oozie,https://github.com/apache/oozie.git, fbf28362b1a811e006cff1d8cf887c5dff7085dd,./core/, TestCoordELFunctions,testCurrent,test fail, mer 8 apr 2020, 21.46.46, CEST,mer 8 apr 2020, 21.46.54, CEST
oozie,https://github.com/apache/oozie.git, fbf28362b1a811e006cff1d8cf887c5dff7085dd,./core/, TestCoordELFunctions,testCurrent,test fail, mer 8 apr 2020, 21.46.54, CEST,mer 8 apr 2020, 21.46.59, CEST
oozie,https://github.com/apache/oozie.git, fbf28362b1a811e006cff1d8cf887c5dff7085dd,./core/, TestCoordELFunctions,testCurrent,test fail, mer 8 apr 2020, 21.46.59, CEST,mer 8 apr 2020, 21.47.05, CEST
oozie,https://github.com/apache/oozie.git, fbf28362b1a811e006cff1d8cf887c5dff7085dd,./core/, TestCoordELFunctions,testCurrent,test fail, mer 8 apr 2020, 21.47.05, CEST,mer 8 apr 2020, 21.47.10, CEST
oozie,https://github.com/apache/oozie.git, fbf28362b1a811e006cff1d8cf887c5dff7085dd,./core/, TestCoordELFunctions,testCurrent,test fail, mer 8 apr 2020, 21.47.10, CEST,mer 8 apr 2020, 21.47.15, CEST
oozie,https://github.com/apache/oozie.git, fbf28362b1a811e006cff1d8cf887c5dff7085dd,./core/, TestCoordELFunctions,testCurrent,test fail, mer 8 apr 2020, 21.47.15, CEST,mer 8 apr 2020, 21.47.21, CEST
oozie,https://github.com/apache/oozie.git, fbf28362b1a811e006cff1d8cf887c5dff7085dd,./core/, TestCoordELFunctions,testCurrent,test fail, mer 8 apr 2020, 21.47.21, CEST,mer 8 apr 2020, 21.47.26, CEST
oozie,https://github.com/apache/oozie.git, fbf28362b1a811e006cff1d8cf887c5dff7085dd,./core/, TestCoordELFunctions,testCurrent,test fail, mer 8 apr 2020, 21.47.26, CEST,mer 8 apr 2020, 21.47.39, CEST
oozie,https://github.com/apache/oozie.git, fbf28362b1a811e006cff1d8cf887c5dff7085dd,./core/, TestCoordELFunctions,testCurrent,test fail, mer 8 apr 2020, 21.47.39, CEST,mer 8 apr 2020, 21.47.48, CEST
oozie,https://github.com/apache/oozie.git, fbf28362b1a811e006cff1d8cf887c5dff7085dd,./core/, TestCoordELFunctions,testCurrent,test fail, mer 8 apr 2020, 21.47.48, CEST,mer 8 apr 2020, 21.47.59, CEST
oozie,https://github.com/apache/oozie.git, fbf28362b1a811e006cff1d8cf887c5dff7085dd,./core/, TestCoordELFunctions,testCurrent,test fail, mer 8 apr 2020, 21.47.59, CEST,mer 8 apr 2020, 21.48.08, CEST
oozie,https://github.com/apache/oozie.git, fbf28362b1a811e006cff1d8cf887c5dff7085dd,./core/, TestCoordELFunctions,testCurrent,test fail, mer 8 apr 2020, 21.48.08, CEST,mer 8 apr 2020, 21.48.15, CEST
oozie,https://github.com/apache/oozie.git, fbf28362b1a811e006cff1d8cf887c5dff7085dd,./core/, TestCoordELFunctions,testCurrent,test fail, mer 8 apr 2020, 21.48.15, CEST,mer 8 apr 2020, 21.48.23, CEST
oozie,https://github.com/apache/oozie.git, fbf28362b1a811e006cff1d8cf887c5dff7085dd,./core/, TestCoordELFunctions,testCurrent,test fail, mer 8 apr 2020, 21.48.23, CEST,mer 8 apr 2020, 21.48.31, CEST
oozie,https://github.com/apache/oozie.git, fbf28362b1a811e006cff1d8cf887c5dff7085dd,./core/, TestCoordELFunctions,testCurrent,test fail, mer 8 apr 2020, 21.48.31, CEST,mer 8 apr 2020, 21.48.43, CEST
oozie,https://github.com/apache/oozie.git, fbf28362b1a811e006cff1d8cf887c5dff7085dd,./core/, TestCoordELFunctions,testCurrent,test fail, mer 8 apr 2020, 21.48.43, CEST,mer 8 apr 2020, 21.48.52, CEST
oozie,https://github.com/apache/oozie.git, fbf28362b1a811e006cff1d8cf887c5dff7085dd,./core/, TestCoordELFunctions,testCurrent,test fail, mer 8 apr 2020, 21.48.52, CEST,mer 8 apr 2020, 21.49.02, CEST
oozie,https://github.com/apache/oozie.git, fbf28362b1a811e006cff1d8cf887c5dff7085dd,./core/, TestCoordELFunctions,testCurrent,test fail, mer 8 apr 2020, 21.49.02, CEST,mer 8 apr 2020, 21.49.10, CEST
oozie,https://github.com/apache/oozie.git, fbf28362b1a811e006cff1d8cf887c5dff7085dd,./core/, TestCoordELFunctions,testCurrent,test fail, mer 8 apr 2020, 21.49.10, CEST,mer 8 apr 2020, 21.49.17, CEST
oozie,https://github.com/apache/oozie.git, fbf28362b1a811e006cff1d8cf887c5dff7085dd,./core/, TestCoordELFunctions,testCurrent,test fail, mer 8 apr 2020, 21.49.17, CEST,mer 8 apr 2020, 21.49.24, CEST
oozie,https://github.com/apache/oozie.git, fbf28362b1a811e006cff1d8cf887c5dff7085dd,./core/, TestCoordELFunctions,testCurrent,test fail, mer 8 apr 2020, 21.49.24, CEST,mer 8 apr 2020, 21.49.31, CEST
oozie,https://github.com/apache/oozie.git, fbf28362b1a811e006cff1d8cf887c5dff7085dd,./core/, TestCoordELFunctions,testCurrent,test fail, mer 8 apr 2020, 21.49.31, CEST,mer 8 apr 2020, 21.49.39, CEST
oozie,https://github.com/apache/oozie.git, fbf28362b1a811e006cff1d8cf887c5dff7085dd,./core/, TestCoordELFunctions,testCurrent,test fail, mer 8 apr 2020, 21.49.39, CEST,mer 8 apr 2020, 21.49.46, CEST
oozie,https://github.com/apache/oozie.git, fbf28362b1a811e006cff1d8cf887c5dff7085dd,./core/, TestCoordELFunctions,testCurrent,test fail, mer 8 apr 2020, 21.49.46, CEST,mer 8 apr 2020, 21.49.53, CEST
oozie,https://github.com/apache/oozie.git, fbf28362b1a811e006cff1d8cf887c5dff7085dd,./core/, TestCoordELFunctions,testCurrent,test fail, mer 8 apr 2020, 21.49.53, CEST,mer 8 apr 2020, 21.50.00, CEST
oozie,https://github.com/apache/oozie.git, fbf28362b1a811e006cff1d8cf887c5dff7085dd,./core/, TestCoordELFunctions,testCurrent,test fail, mer 8 apr 2020, 21.50.00, CEST,mer 8 apr 2020, 21.50.08, CEST
oozie,https://github.com/apache/oozie.git, fbf28362b1a811e006cff1d8cf887c5dff7085dd,./core/, TestCoordELFunctions,testCurrent,test fail, mer 8 apr 2020, 21.50.08, CEST,mer 8 apr 2020, 21.50.16, CEST
oozie,https://github.com/apache/oozie.git, fbf28362b1a811e006cff1d8cf887c5dff7085dd,./core/, TestCoordELFunctions,testCurrent,test fail, mer 8 apr 2020, 21.50.16, CEST,mer 8 apr 2020, 21.50.23, CEST
oozie,https://github.com/apache/oozie.git, fbf28362b1a811e006cff1d8cf887c5dff7085dd,./core/, TestCoordELFunctions,testCurrent,test fail, mer 8 apr 2020, 21.50.23, CEST,mer 8 apr 2020, 21.50.31, CEST
oozie,https://github.com/apache/oozie.git, fbf28362b1a811e006cff1d8cf887c5dff7085dd,./core/, TestCoordELFunctions,testCurrent,test fail, mer 8 apr 2020, 21.50.31, CEST,mer 8 apr 2020, 21.50.40, CEST
oozie,https://github.com/apache/oozie.git, fbf28362b1a811e006cff1d8cf887c5dff7085dd,./core/, TestCoordELFunctions,testCurrent,test fail, mer 8 apr 2020, 21.50.40, CEST,mer 8 apr 2020, 21.50.45, CEST
oozie,https://github.com/apache/oozie.git, fbf28362b1a811e006cff1d8cf887c5dff7085dd,./core/, TestCoordELFunctions,testCurrent,test fail, mer 8 apr 2020, 21.50.45, CEST,mer 8 apr 2020, 21.50.50, CEST
oozie,https://github.com/apache/oozie.git, fbf28362b1a811e006cff1d8cf887c5dff7085dd,./core/, TestCoordELFunctions,testCurrent,test fail, mer 8 apr 2020, 21.50.50, CEST,mer 8 apr 2020, 21.50.59, CEST
oozie,https://github.com/apache/oozie.git, fbf28362b1a811e006cff1d8cf887c5dff7085dd,./core/, TestCoordELFunctions,testCurrent,test fail, mer 8 apr 2020, 21.50.59, CEST,mer 8 apr 2020, 21.51.06, CEST
oozie,https://github.com/apache/oozie.git, fbf28362b1a811e006cff1d8cf887c5dff7085dd,./core/, TestCoordELFunctions,testCurrent,test fail, mer 8 apr 2020, 21.51.06, CEST,mer 8 apr 2020, 21.51.13, CEST
oozie,https://github.com/apache/oozie.git, fbf28362b1a811e006cff1d8cf887c5dff7085dd,./core/, TestCoordELFunctions,testCurrent,test fail, mer 8 apr 2020, 21.51.13, CEST,mer 8 apr 2020, 21.51.20, CEST
oozie,https://github.com/apache/oozie.git, fbf28362b1a811e006cff1d8cf887c5dff7085dd,./core/, TestCoordELFunctions,testCurrent,test fail, mer 8 apr 2020, 21.51.20, CEST,mer 8 apr 2020, 21.51.27, CEST
oozie,https://github.com/apache/oozie.git, fbf28362b1a811e006cff1d8cf887c5dff7085dd,./core/, TestCoordELFunctions,testCurrent,test fail, mer 8 apr 2020, 21.51.27, CEST,mer 8 apr 2020, 21.51.36, CEST
oozie,https://github.com/apache/oozie.git, fbf28362b1a811e006cff1d8cf887c5dff7085dd,./core/, TestCoordELFunctions,testCurrent,test fail, mer 8 apr 2020, 21.51.36, CEST,mer 8 apr 2020, 21.51.44, CEST
oozie,https://github.com/apache/oozie.git, fbf28362b1a811e006cff1d8cf887c5dff7085dd,./core/, TestCoordELFunctions,testCurrent,test fail, mer 8 apr 2020, 21.51.44, CEST,mer 8 apr 2020, 21.51.51, CEST
oozie,https://github.com/apache/oozie.git, fbf28362b1a811e006cff1d8cf887c5dff7085dd,./core/, TestCoordELFunctions,testCurrent,test fail, mer 8 apr 2020, 21.51.51, CEST,mer 8 apr 2020, 21.51.58, CEST
oozie,https://github.com/apache/oozie.git, fbf28362b1a811e006cff1d8cf887c5dff7085dd,./core/, TestCoordELFunctions,testCurrent,test fail, mer 8 apr 2020, 21.51.58, CEST,mer 8 apr 2020, 21.52.05, CEST
oozie,https://github.com/apache/oozie.git, fbf28362b1a811e006cff1d8cf887c5dff7085dd,./core/, TestCoordELFunctions,testCurrent,test fail, mer 8 apr 2020, 21.52.05, CEST,mer 8 apr 2020, 21.52.12, CEST
oozie,https://github.com/apache/oozie.git, fbf28362b1a811e006cff1d8cf887c5dff7085dd,./core/, TestCoordELFunctions,testCurrent,test fail, mer 8 apr 2020, 21.52.12, CEST,mer 8 apr 2020, 21.52.20, CEST
oozie,https://github.com/apache/oozie.git, fbf28362b1a811e006cff1d8cf887c5dff7085dd,./core/, TestCoordELFunctions,testCurrent,test fail, mer 8 apr 2020, 21.52.20, CEST,mer 8 apr 2020, 21.52.28, CEST
oozie,https://github.com/apache/oozie.git, fbf28362b1a811e006cff1d8cf887c5dff7085dd,./core/, TestCoordELFunctions,testCurrent,test fail, mer 8 apr 2020, 21.52.28, CEST,mer 8 apr 2020, 21.52.34, CEST
oozie,https://github.com/apache/oozie.git, fbf28362b1a811e006cff1d8cf887c5dff7085dd,./core/, TestCoordELFunctions,testCurrent,test fail, mer 8 apr 2020, 21.52.34, CEST,mer 8 apr 2020, 21.52.42, CEST
oozie,https://github.com/apache/oozie.git, fbf28362b1a811e006cff1d8cf887c5dff7085dd,./core/, TestCoordELFunctions,testCurrent,test fail, mer 8 apr 2020, 21.52.42, CEST,mer 8 apr 2020, 21.52.50, CEST
oozie,https://github.com/apache/oozie.git, fbf28362b1a811e006cff1d8cf887c5dff7085dd,./core/, TestCoordELFunctions,testCurrent,test fail, mer 8 apr 2020, 21.52.50, CEST,mer 8 apr 2020, 21.52.57, CEST
oozie,https://github.com/apache/oozie.git, fbf28362b1a811e006cff1d8cf887c5dff7085dd,./core/, TestCoordELFunctions,testCurrent,test fail, mer 8 apr 2020, 21.52.57, CEST,mer 8 apr 2020, 21.53.05, CEST
oozie,https://github.com/apache/oozie.git, fbf28362b1a811e006cff1d8cf887c5dff7085dd,./core/, TestCoordELFunctions,testCurrent,test fail, mer 8 apr 2020, 21.53.05, CEST,mer 8 apr 2020, 21.53.12, CEST
oozie,https://github.com/apache/oozie.git, fbf28362b1a811e006cff1d8cf887c5dff7085dd,./core/, TestCoordELFunctions,testCurrent,test fail, mer 8 apr 2020, 21.53.12, CEST,mer 8 apr 2020, 21.53.22, CEST
oozie,https://github.com/apache/oozie.git, fbf28362b1a811e006cff1d8cf887c5dff7085dd,./core/, TestCoordELFunctions,testCurrent,test fail, mer 8 apr 2020, 21.53.22, CEST,mer 8 apr 2020, 21.53.28, CEST
oozie,https://github.com/apache/oozie.git, fbf28362b1a811e006cff1d8cf887c5dff7085dd,./core/, TestCoordELFunctions,testCurrent,test fail, mer 8 apr 2020, 21.53.28, CEST,mer 8 apr 2020, 21.53.37, CEST
oozie,https://github.com/apache/oozie.git, fbf28362b1a811e006cff1d8cf887c5dff7085dd,./core/, TestCoordELFunctions,testCurrent,test fail, mer 8 apr 2020, 21.53.37, CEST,mer 8 apr 2020, 21.53.44, CEST
oozie,https://github.com/apache/oozie.git, fbf28362b1a811e006cff1d8cf887c5dff7085dd,./core/, TestCoordELFunctions,testCurrent,test fail, mer 8 apr 2020, 21.53.44, CEST,mer 8 apr 2020, 21.53.52, CEST
oozie,https://github.com/apache/oozie.git, fbf28362b1a811e006cff1d8cf887c5dff7085dd,./core/, TestCoordELFunctions,testCurrent,test fail, mer 8 apr 2020, 21.53.52, CEST,mer 8 apr 2020, 21.53.59, CEST
oozie,https://github.com/apache/oozie.git, fbf28362b1a811e006cff1d8cf887c5dff7085dd,./core/, TestCoordELFunctions,testCurrent,test fail, mer 8 apr 2020, 21.53.59, CEST,mer 8 apr 2020, 21.54.07, CEST
oozie,https://github.com/apache/oozie.git, fbf28362b1a811e006cff1d8cf887c5dff7085dd,./core/, TestCoordELFunctions,testCurrent,test fail, mer 8 apr 2020, 21.54.07, CEST,mer 8 apr 2020, 21.54.14, CEST
oozie,https://github.com/apache/oozie.git, fbf28362b1a811e006cff1d8cf887c5dff7085dd,./core/, TestCoordELFunctions,testCurrent,test fail, mer 8 apr 2020, 21.54.14, CEST,mer 8 apr 2020, 21.54.21, CEST
oozie,https://github.com/apache/oozie.git, fbf28362b1a811e006cff1d8cf887c5dff7085dd,./core/, TestCoordELFunctions,testCurrent,test fail, mer 8 apr 2020, 21.54.21, CEST,mer 8 apr 2020, 21.54.28, CEST
oozie,https://github.com/apache/oozie.git, fbf28362b1a811e006cff1d8cf887c5dff7085dd,./core/, TestCoordELFunctions,testCurrent,test fail, mer 8 apr 2020, 21.54.28, CEST,mer 8 apr 2020, 21.54.35, CEST
oozie,https://github.com/apache/oozie.git, fbf28362b1a811e006cff1d8cf887c5dff7085dd,./core/, TestCoordELFunctions,testCurrent,test fail, mer 8 apr 2020, 21.54.35, CEST,mer 8 apr 2020, 21.54.42, CEST
oozie,https://github.com/apache/oozie.git, fbf28362b1a811e006cff1d8cf887c5dff7085dd,./core/, TestCoordELFunctions,testCurrent,test fail, mer 8 apr 2020, 21.54.42, CEST,mer 8 apr 2020, 21.54.51, CEST
oozie,https://github.com/apache/oozie.git, fbf28362b1a811e006cff1d8cf887c5dff7085dd,./core/, TestCoordELFunctions,testCurrent,test fail, mer 8 apr 2020, 21.54.51, CEST,mer 8 apr 2020, 21.54.58, CEST
oozie,https://github.com/apache/oozie.git, fbf28362b1a811e006cff1d8cf887c5dff7085dd,./core/, TestCoordELFunctions,testCurrent,test fail, mer 8 apr 2020, 21.54.58, CEST,mer 8 apr 2020, 21.55.05, CEST
oozie,https://github.com/apache/oozie.git, fbf28362b1a811e006cff1d8cf887c5dff7085dd,./core/, TestCoordELFunctions,testCurrent,test fail, mer 8 apr 2020, 21.55.05, CEST,mer 8 apr 2020, 21.55.14, CEST
oozie,https://github.com/apache/oozie.git, fbf28362b1a811e006cff1d8cf887c5dff7085dd,./core/, TestCoordELFunctions,testCurrent,test fail, mer 8 apr 2020, 21.55.14, CEST,mer 8 apr 2020, 21.55.22, CEST
oozie,https://github.com/apache/oozie.git, fbf28362b1a811e006cff1d8cf887c5dff7085dd,./core/, TestCoordELFunctions,testCurrent,test fail, mer 8 apr 2020, 21.55.22, CEST,mer 8 apr 2020, 21.55.29, CEST
oozie,https://github.com/apache/oozie.git, fbf28362b1a811e006cff1d8cf887c5dff7085dd,./core/, TestCoordELFunctions,testCurrent,test fail, mer 8 apr 2020, 21.55.29, CEST,mer 8 apr 2020, 21.55.37, CEST
oozie,https://github.com/apache/oozie.git, fbf28362b1a811e006cff1d8cf887c5dff7085dd,./core/, TestCoordELFunctions,testCurrent,test fail, mer 8 apr 2020, 21.55.37, CEST,mer 8 apr 2020, 21.55.45, CEST
oozie,https://github.com/apache/oozie.git, fbf28362b1a811e006cff1d8cf887c5dff7085dd,./core/, TestCoordELFunctions,testCurrent,test fail, mer 8 apr 2020, 21.55.45, CEST,mer 8 apr 2020, 21.55.52, CEST
oozie,https://github.com/apache/oozie.git, fbf28362b1a811e006cff1d8cf887c5dff7085dd,./core/, TestCoordELFunctions,testCurrent,test fail, mer 8 apr 2020, 21.55.52, CEST,mer 8 apr 2020, 21.56.01, CEST
oozie,https://github.com/apache/oozie.git, fbf28362b1a811e006cff1d8cf887c5dff7085dd,./core/, TestCoordELFunctions,testCurrent,test fail, mer 8 apr 2020, 21.56.01, CEST,mer 8 apr 2020, 21.56.08, CEST
oozie,https://github.com/apache/oozie.git, fbf28362b1a811e006cff1d8cf887c5dff7085dd,./core/, TestCoordELFunctions,testCurrent,test fail, mer 8 apr 2020, 21.56.08, CEST,mer 8 apr 2020, 21.56.16, CEST
oozie,https://github.com/apache/oozie.git, fbf28362b1a811e006cff1d8cf887c5dff7085dd,./core/, TestCoordELFunctions,testCurrent,test fail, mer 8 apr 2020, 21.56.16, CEST,mer 8 apr 2020, 21.56.23, CEST
oozie,https://github.com/apache/oozie.git, fbf28362b1a811e006cff1d8cf887c5dff7085dd,./core/, TestCoordELFunctions,testCurrent,test fail, mer 8 apr 2020, 21.56.23, CEST,mer 8 apr 2020, 21.56.31, CEST
oozie,https://github.com/apache/oozie.git, fbf28362b1a811e006cff1d8cf887c5dff7085dd,./core/, TestCoordELFunctions,testCurrent,test fail, mer 8 apr 2020, 21.56.31, CEST,mer 8 apr 2020, 21.56.40, CEST
oozie,https://github.com/apache/oozie.git, fbf28362b1a811e006cff1d8cf887c5dff7085dd,./core/, TestCoordELFunctions,testCurrent,test fail, mer 8 apr 2020, 21.56.40, CEST,mer 8 apr 2020, 21.56.45, CEST
oozie,https://github.com/apache/oozie.git, fbf28362b1a811e006cff1d8cf887c5dff7085dd,./core/, TestCoordELFunctions,testCurrent,test fail, mer 8 apr 2020, 21.56.45, CEST,mer 8 apr 2020, 21.56.51, CEST
oozie,https://github.com/apache/oozie.git, fbf28362b1a811e006cff1d8cf887c5dff7085dd,./core/, TestCoordELFunctions,testCurrent,test fail, mer 8 apr 2020, 21.56.51, CEST,mer 8 apr 2020, 21.56.56, CEST
oozie,https://github.com/apache/oozie.git, fbf28362b1a811e006cff1d8cf887c5dff7085dd,./core/, TestCoordELFunctions,testCurrent,test fail, mer 8 apr 2020, 21.56.56, CEST,mer 8 apr 2020, 21.57.01, CEST
oozie,https://github.com/apache/oozie.git, fbf28362b1a811e006cff1d8cf887c5dff7085dd,./core/, TestCoordELFunctions,testCurrent,test fail, mer 8 apr 2020, 21.57.01, CEST,mer 8 apr 2020, 21.57.07, CEST
oozie,https://github.com/apache/oozie.git, fbf28362b1a811e006cff1d8cf887c5dff7085dd,./core/, TestCoordELFunctions,testCurrent,test fail, mer 8 apr 2020, 21.57.07, CEST,mer 8 apr 2020, 21.57.12, CEST
oozie,https://github.com/apache/oozie.git, fbf28362b1a811e006cff1d8cf887c5dff7085dd,./core/, TestCoordELFunctions,testCurrent,test fail, mer 8 apr 2020, 21.57.12, CEST,mer 8 apr 2020, 21.57.21, CEST
oozie,https://github.com/apache/oozie.git, fbf28362b1a811e006cff1d8cf887c5dff7085dd,./core/, TestCoordELFunctions,testCurrent,test fail, mer 8 apr 2020, 21.57.21, CEST,mer 8 apr 2020, 21.57.32, CEST
oozie,https://github.com/apache/oozie.git, fbf28362b1a811e006cff1d8cf887c5dff7085dd,./core/, TestCoordELFunctions,testCurrent,test fail, mer 8 apr 2020, 21.57.32, CEST,mer 8 apr 2020, 21.57.40, CEST
oozie,https://github.com/apache/oozie.git, fbf28362b1a811e006cff1d8cf887c5dff7085dd,./core/, TestCoordELFunctions,testCurrent,test fail, mer 8 apr 2020, 21.57.40, CEST,mer 8 apr 2020, 21.57.49, CEST
oozie,https://github.com/apache/oozie.git, fbf28362b1a811e006cff1d8cf887c5dff7085dd,./core/, TestCoordELFunctions,testCurrent,test fail, mer 8 apr 2020, 21.57.49, CEST,mer 8 apr 2020, 21.57.56, CEST
oozie,https://github.com/apache/oozie.git, fbf28362b1a811e006cff1d8cf887c5dff7085dd,./core/, TestCoordELFunctions,testCurrent,test fail, mer 8 apr 2020, 21.57.56, CEST,mer 8 apr 2020, 21.58.03, CEST
oozie,https://github.com/apache/oozie.git, fbf28362b1a811e006cff1d8cf887c5dff7085dd,./core/, TestCoordELFunctions,testCurrent,test fail, mer 8 apr 2020, 21.58.03, CEST,mer 8 apr 2020, 21.58.11, CEST
oozie,https://github.com/apache/oozie.git, fbf28362b1a811e006cff1d8cf887c5dff7085dd,./core/, TestCoordELFunctions,testCurrent,test fail, mer 8 apr 2020, 21.58.11, CEST,mer 8 apr 2020, 21.58.19, CEST
oozie,https://github.com/apache/oozie.git, fbf28362b1a811e006cff1d8cf887c5dff7085dd,./core/, TestCoordELFunctions,testCurrent,test fail, mer 8 apr 2020, 21.58.19, CEST,mer 8 apr 2020, 21.58.26, CEST
oozie,https://github.com/apache/oozie.git, fbf28362b1a811e006cff1d8cf887c5dff7085dd,./core/, TestCoordELFunctions,testCurrent,test fail, mer 8 apr 2020, 21.58.26, CEST,mer 8 apr 2020, 21.58.36, CEST
oozie,https://github.com/apache/oozie.git, fbf28362b1a811e006cff1d8cf887c5dff7085dd,./core/, TestCoordELFunctions,testCurrent,test fail, mer 8 apr 2020, 21.58.36, CEST,mer 8 apr 2020, 21.58.43, CEST
oozie,https://github.com/apache/oozie.git, fbf28362b1a811e006cff1d8cf887c5dff7085dd,./core/, TestCoordELFunctions,testCurrent,test fail, mer 8 apr 2020, 21.58.43, CEST,mer 8 apr 2020, 21.58.50, CEST
oozie,https://github.com/apache/oozie.git, fbf28362b1a811e006cff1d8cf887c5dff7085dd,./core/, TestCoordELFunctions,testCurrent,test fail, mer 8 apr 2020, 21.58.50, CEST,mer 8 apr 2020, 21.58.58, CEST
oozie,https://github.com/apache/oozie.git, fbf28362b1a811e006cff1d8cf887c5dff7085dd,./core/, TestCoordELFunctions,testCurrent,test fail, mer 8 apr 2020, 21.58.58, CEST,mer 8 apr 2020, 21.59.05, CEST
oozie,https://github.com/apache/oozie.git, fbf28362b1a811e006cff1d8cf887c5dff7085dd,./core/, TestCoordELFunctions,testCurrent,test fail, mer 8 apr 2020, 21.59.05, CEST,mer 8 apr 2020, 21.59.11, CEST
oozie,https://github.com/apache/oozie.git, fbf28362b1a811e006cff1d8cf887c5dff7085dd,./core/, TestCoordELFunctions,testCurrent,test fail, mer 8 apr 2020, 21.59.11, CEST,mer 8 apr 2020, 21.59.18, CEST
oozie,https://github.com/apache/oozie.git, fbf28362b1a811e006cff1d8cf887c5dff7085dd,./core/, TestCoordELFunctions,testCurrent,test fail, mer 8 apr 2020, 21.59.18, CEST,mer 8 apr 2020, 21.59.25, CEST
oozie,https://github.com/apache/oozie.git, fbf28362b1a811e006cff1d8cf887c5dff7085dd,./core/, TestCoordELFunctions,testCurrent,test fail, mer 8 apr 2020, 21.59.25, CEST,mer 8 apr 2020, 21.59.33, CEST
oozie,https://github.com/apache/oozie.git, fbf28362b1a811e006cff1d8cf887c5dff7085dd,./core/, TestCoordELFunctions,testCurrent,test fail, mer 8 apr 2020, 21.59.33, CEST,mer 8 apr 2020, 21.59.41, CEST
oozie,https://github.com/apache/oozie.git, fbf28362b1a811e006cff1d8cf887c5dff7085dd,./core/, TestCoordELFunctions,testCurrent,test fail, mer 8 apr 2020, 21.59.41, CEST,mer 8 apr 2020, 21.59.49, CEST
oozie,https://github.com/apache/oozie.git, fbf28362b1a811e006cff1d8cf887c5dff7085dd,./core/, TestCoordELFunctions,testCurrent,test fail, mer 8 apr 2020, 21.59.49, CEST,mer 8 apr 2020, 21.59.57, CEST
oozie,https://github.com/apache/oozie.git, fbf28362b1a811e006cff1d8cf887c5dff7085dd,./core/, TestCoordELFunctions,testCurrent,test fail, mer 8 apr 2020, 21.59.57, CEST,mer 8 apr 2020, 22.00.06, CEST
oozie,https://github.com/apache/oozie.git, fbf28362b1a811e006cff1d8cf887c5dff7085dd,./core/, TestCoordELFunctions,testCurrent,test fail, mer 8 apr 2020, 22.00.06, CEST,mer 8 apr 2020, 22.00.16, CEST
oozie,https://github.com/apache/oozie.git, fbf28362b1a811e006cff1d8cf887c5dff7085dd,./core/, TestCoordELFunctions,testCurrent,test fail, mer 8 apr 2020, 22.00.16, CEST,mer 8 apr 2020, 22.00.25, CEST
oozie,https://github.com/apache/oozie.git, fbf28362b1a811e006cff1d8cf887c5dff7085dd,./core/, TestCoordELFunctions,testCurrent,test fail, mer 8 apr 2020, 22.00.25, CEST,mer 8 apr 2020, 22.00.36, CEST
oozie,https://github.com/apache/oozie.git, fbf28362b1a811e006cff1d8cf887c5dff7085dd,./core/, TestCoordELFunctions,testCurrent,test fail, mer 8 apr 2020, 22.00.36, CEST,mer 8 apr 2020, 22.00.43, CEST
oozie,https://github.com/apache/oozie.git, fbf28362b1a811e006cff1d8cf887c5dff7085dd,./core/, TestCoordELFunctions,testCurrent,test fail, mer 8 apr 2020, 22.00.43, CEST,mer 8 apr 2020, 22.00.50, CEST
oozie,https://github.com/apache/oozie.git, fbf28362b1a811e006cff1d8cf887c5dff7085dd,./core/, TestCoordELFunctions,testCurrent,test fail, mer 8 apr 2020, 22.00.50, CEST,mer 8 apr 2020, 22.00.59, CEST
oozie,https://github.com/apache/oozie.git, fbf28362b1a811e006cff1d8cf887c5dff7085dd,./core/, TestCoordELFunctions,testCurrent,test fail, mer 8 apr 2020, 22.00.59, CEST,mer 8 apr 2020, 22.01.06, CEST
oozie,https://github.com/apache/oozie.git, fbf28362b1a811e006cff1d8cf887c5dff7085dd,./core/, TestCoordELFunctions,testCurrent,test fail, mer 8 apr 2020, 22.01.06, CEST,mer 8 apr 2020, 22.01.14, CEST
oozie,https://github.com/apache/oozie.git, fbf28362b1a811e006cff1d8cf887c5dff7085dd,./core/, TestCoordELFunctions,testCurrent,test fail, mer 8 apr 2020, 22.01.14, CEST,mer 8 apr 2020, 22.01.20, CEST
oozie,https://github.com/apache/oozie.git, fbf28362b1a811e006cff1d8cf887c5dff7085dd,./core/, TestCoordELFunctions,testCurrent,test fail, mer 8 apr 2020, 22.01.20, CEST,mer 8 apr 2020, 22.01.28, CEST
oozie,https://github.com/apache/oozie.git, fbf28362b1a811e006cff1d8cf887c5dff7085dd,./core/, TestCoordELFunctions,testCurrent,test fail, mer 8 apr 2020, 22.01.28, CEST,mer 8 apr 2020, 22.01.36, CEST
oozie,https://github.com/apache/oozie.git, fbf28362b1a811e006cff1d8cf887c5dff7085dd,./core/, TestCoordELFunctions,testCurrent,test fail, mer 8 apr 2020, 22.01.36, CEST,mer 8 apr 2020, 22.01.43, CEST
oozie,https://github.com/apache/oozie.git, fbf28362b1a811e006cff1d8cf887c5dff7085dd,./core/, TestCoordELFunctions,testCurrent,test fail, mer 8 apr 2020, 22.01.43, CEST,mer 8 apr 2020, 22.01.51, CEST
oozie,https://github.com/apache/oozie.git, fbf28362b1a811e006cff1d8cf887c5dff7085dd,./core/, TestCoordELFunctions,testCurrent,test fail, mer 8 apr 2020, 22.01.51, CEST,mer 8 apr 2020, 22.01.56, CEST
oozie,https://github.com/apache/oozie.git, fbf28362b1a811e006cff1d8cf887c5dff7085dd,./core/, TestCoordELFunctions,testCurrent,test fail, mer 8 apr 2020, 22.01.56, CEST,mer 8 apr 2020, 22.02.01, CEST
oozie,https://github.com/apache/oozie.git, fbf28362b1a811e006cff1d8cf887c5dff7085dd,./core/, TestCoordELFunctions,testCurrent,test fail, mer 8 apr 2020, 22.02.01, CEST,mer 8 apr 2020, 22.02.07, CEST
oozie,https://github.com/apache/oozie.git, fbf28362b1a811e006cff1d8cf887c5dff7085dd,./core/, TestCoordELFunctions,testCurrent,test fail, mer 8 apr 2020, 22.02.07, CEST,mer 8 apr 2020, 22.02.12, CEST
oozie,https://github.com/apache/oozie.git, fbf28362b1a811e006cff1d8cf887c5dff7085dd,./core/, TestCoordELFunctions,testCurrent,test fail, mer 8 apr 2020, 22.02.12, CEST,mer 8 apr 2020, 22.02.18, CEST
oozie,https://github.com/apache/oozie.git, fbf28362b1a811e006cff1d8cf887c5dff7085dd,./core/, TestCoordELFunctions,testCurrent,test fail, mer 8 apr 2020, 22.02.18, CEST,mer 8 apr 2020, 22.02.23, CEST
oozie,https://github.com/apache/oozie.git, fbf28362b1a811e006cff1d8cf887c5dff7085dd,./core/, TestCoordELFunctions,testCurrent,test fail, mer 8 apr 2020, 22.02.23, CEST,mer 8 apr 2020, 22.02.31, CEST
oozie,https://github.com/apache/oozie.git, fbf28362b1a811e006cff1d8cf887c5dff7085dd,./core/, TestCoordELFunctions,testCurrent,test fail, mer 8 apr 2020, 22.02.31, CEST,mer 8 apr 2020, 22.02.40, CEST
oozie,https://github.com/apache/oozie.git, fbf28362b1a811e006cff1d8cf887c5dff7085dd,./core/, TestCoordELFunctions,testCurrent,test fail, mer 8 apr 2020, 22.02.40, CEST,mer 8 apr 2020, 22.02.48, CEST
oozie,https://github.com/apache/oozie.git, fbf28362b1a811e006cff1d8cf887c5dff7085dd,./core/, TestCoordELFunctions,testCurrent,test fail, mer 8 apr 2020, 22.02.48, CEST,mer 8 apr 2020, 22.02.56, CEST
oozie,https://github.com/apache/oozie.git, fbf28362b1a811e006cff1d8cf887c5dff7085dd,./core/, TestCoordELFunctions,testCurrent,test fail, mer 8 apr 2020, 22.02.56, CEST,mer 8 apr 2020, 22.03.03, CEST
oozie,https://github.com/apache/oozie.git, fbf28362b1a811e006cff1d8cf887c5dff7085dd,./core/, TestCoordELFunctions,testCurrent,test fail, mer 8 apr 2020, 22.03.03, CEST,mer 8 apr 2020, 22.03.11, CEST
oozie,https://github.com/apache/oozie.git, fbf28362b1a811e006cff1d8cf887c5dff7085dd,./core/, TestCoordELFunctions,testCurrent,test fail, mer 8 apr 2020, 22.03.11, CEST,mer 8 apr 2020, 22.03.18, CEST
oozie,https://github.com/apache/oozie.git, fbf28362b1a811e006cff1d8cf887c5dff7085dd,./core/, TestCoordELFunctions,testCurrent,test fail, mer 8 apr 2020, 22.03.18, CEST,mer 8 apr 2020, 22.03.26, CEST
oozie,https://github.com/apache/oozie.git, fbf28362b1a811e006cff1d8cf887c5dff7085dd,./core/, TestCoordELFunctions,testCurrent,test fail, mer 8 apr 2020, 22.03.26, CEST,mer 8 apr 2020, 22.03.37, CEST
oozie,https://github.com/apache/oozie.git, fbf28362b1a811e006cff1d8cf887c5dff7085dd,./core/, TestCoordELFunctions,testCurrent,test fail, mer 8 apr 2020, 22.03.37, CEST,mer 8 apr 2020, 22.03.48, CEST
oozie,https://github.com/apache/oozie.git, fbf28362b1a811e006cff1d8cf887c5dff7085dd,./core/, TestCoordELFunctions,testCurrent,test fail, mer 8 apr 2020, 22.03.48, CEST,mer 8 apr 2020, 22.04.00, CEST
oozie,https://github.com/apache/oozie.git, fbf28362b1a811e006cff1d8cf887c5dff7085dd,./core/, TestCoordELFunctions,testCurrent,test fail, mer 8 apr 2020, 22.04.00, CEST,mer 8 apr 2020, 22.04.11, CEST
oozie,https://github.com/apache/oozie.git, fbf28362b1a811e006cff1d8cf887c5dff7085dd,./core/, TestCoordELFunctions,testCurrent,test fail, mer 8 apr 2020, 22.04.11, CEST,mer 8 apr 2020, 22.04.21, CEST
oozie,https://github.com/apache/oozie.git, fbf28362b1a811e006cff1d8cf887c5dff7085dd,./core/, TestCoordELFunctions,testCurrent,test fail, mer 8 apr 2020, 22.04.21, CEST,mer 8 apr 2020, 22.04.32, CEST
oozie,https://github.com/apache/oozie.git, fbf28362b1a811e006cff1d8cf887c5dff7085dd,./core/, TestCoordELFunctions,testCurrent,test fail, mer 8 apr 2020, 22.04.32, CEST,mer 8 apr 2020, 22.04.40, CEST
oozie,https://github.com/apache/oozie.git, fbf28362b1a811e006cff1d8cf887c5dff7085dd,./core/, TestCoordELFunctions,testCurrent,test fail, mer 8 apr 2020, 22.04.40, CEST,mer 8 apr 2020, 22.04.48, CEST
oozie,https://github.com/apache/oozie.git, fbf28362b1a811e006cff1d8cf887c5dff7085dd,./core/, TestCoordELFunctions,testCurrent,test fail, mer 8 apr 2020, 22.04.48, CEST,mer 8 apr 2020, 22.04.55, CEST
oozie,https://github.com/apache/oozie.git, fbf28362b1a811e006cff1d8cf887c5dff7085dd,./core/, TestCoordELFunctions,testCurrent,test fail, mer 8 apr 2020, 22.04.55, CEST,mer 8 apr 2020, 22.05.02, CEST
oozie,https://github.com/apache/oozie.git, fbf28362b1a811e006cff1d8cf887c5dff7085dd,./core/, TestCoordELFunctions,testCurrent,test fail, mer 8 apr 2020, 22.05.02, CEST,mer 8 apr 2020, 22.05.10, CEST
oozie,https://github.com/apache/oozie.git, fbf28362b1a811e006cff1d8cf887c5dff7085dd,./core/, TestCoordELFunctions,testCurrent,test fail, mer 8 apr 2020, 22.05.10, CEST,mer 8 apr 2020, 22.05.15, CEST
oozie,https://github.com/apache/oozie.git, fbf28362b1a811e006cff1d8cf887c5dff7085dd,./core/, TestCoordELFunctions,testCurrent,test fail, mer 8 apr 2020, 22.05.15, CEST,mer 8 apr 2020, 22.05.20, CEST
oozie,https://github.com/apache/oozie.git, fbf28362b1a811e006cff1d8cf887c5dff7085dd,./core/, TestCoordELFunctions,testCurrent,test fail, mer 8 apr 2020, 22.05.20, CEST,mer 8 apr 2020, 22.05.26, CEST
oozie,https://github.com/apache/oozie.git, fbf28362b1a811e006cff1d8cf887c5dff7085dd,./core/, TestCoordELFunctions,testCurrent,test fail, mer 8 apr 2020, 22.05.26, CEST,mer 8 apr 2020, 22.05.32, CEST
oozie,https://github.com/apache/oozie.git, fbf28362b1a811e006cff1d8cf887c5dff7085dd,./core/, TestCoordELFunctions,testCurrent,test fail, mer 8 apr 2020, 22.05.32, CEST,mer 8 apr 2020, 22.05.37, CEST
oozie,https://github.com/apache/oozie.git, fbf28362b1a811e006cff1d8cf887c5dff7085dd,./core/, TestCoordELFunctions,testCurrent,test fail, mer 8 apr 2020, 22.05.37, CEST,mer 8 apr 2020, 22.05.42, CEST
oozie,https://github.com/apache/oozie.git, fbf28362b1a811e006cff1d8cf887c5dff7085dd,./core/, TestCoordELFunctions,testCurrent,test fail, mer 8 apr 2020, 22.05.42, CEST,mer 8 apr 2020, 22.05.50, CEST
oozie,https://github.com/apache/oozie.git, fbf28362b1a811e006cff1d8cf887c5dff7085dd,./core/, TestCoordELFunctions,testCurrent,test fail, mer 8 apr 2020, 22.05.50, CEST,mer 8 apr 2020, 22.05.58, CEST
oozie,https://github.com/apache/oozie.git, fbf28362b1a811e006cff1d8cf887c5dff7085dd,./core/, TestCoordELFunctions,testCurrent,test fail, mer 8 apr 2020, 22.05.58, CEST,mer 8 apr 2020, 22.06.06, CEST
oozie,https://github.com/apache/oozie.git, fbf28362b1a811e006cff1d8cf887c5dff7085dd,./core/, TestCoordELFunctions,testCurrent,test fail, mer 8 apr 2020, 22.06.06, CEST,mer 8 apr 2020, 22.06.18, CEST
oozie,https://github.com/apache/oozie.git, fbf28362b1a811e006cff1d8cf887c5dff7085dd,./core/, TestCoordELFunctions,testCurrent,test fail, mer 8 apr 2020, 22.06.18, CEST,mer 8 apr 2020, 22.06.30, CEST
oozie,https://github.com/apache/oozie.git, fbf28362b1a811e006cff1d8cf887c5dff7085dd,./core/, TestCoordELFunctions,testCurrent,test fail, mer 8 apr 2020, 22.06.30, CEST,mer 8 apr 2020, 22.06.42, CEST
oozie,https://github.com/apache/oozie.git, fbf28362b1a811e006cff1d8cf887c5dff7085dd,./core/, TestCoordELFunctions,testCurrent,test fail, mer 8 apr 2020, 22.06.42, CEST,mer 8 apr 2020, 22.06.53, CEST
oozie,https://github.com/apache/oozie.git, fbf28362b1a811e006cff1d8cf887c5dff7085dd,./core/, TestCoordELFunctions,testCurrent,test fail, mer 8 apr 2020, 22.06.53, CEST,mer 8 apr 2020, 22.07.02, CEST
oozie,https://github.com/apache/oozie.git, fbf28362b1a811e006cff1d8cf887c5dff7085dd,./core/, TestCoordELFunctions,testCurrent,test fail, mer 8 apr 2020, 22.07.02, CEST,mer 8 apr 2020, 22.07.09, CEST
oozie,https://github.com/apache/oozie.git, fbf28362b1a811e006cff1d8cf887c5dff7085dd,./core/, TestCoordELFunctions,testCurrent,test fail, mer 8 apr 2020, 22.07.09, CEST,mer 8 apr 2020, 22.07.19, CEST
oozie,https://github.com/apache/oozie.git, fbf28362b1a811e006cff1d8cf887c5dff7085dd,./core/, TestCoordELFunctions,testCurrent,test fail, mer 8 apr 2020, 22.07.19, CEST,mer 8 apr 2020, 22.07.26, CEST
oozie,https://github.com/apache/oozie.git, fbf28362b1a811e006cff1d8cf887c5dff7085dd,./core/, TestCoordELFunctions,testCurrent,test fail, mer 8 apr 2020, 22.07.26, CEST,mer 8 apr 2020, 22.07.36, CEST
oozie,https://github.com/apache/oozie.git, fbf28362b1a811e006cff1d8cf887c5dff7085dd,./core/, TestCoordELFunctions,testCurrent,test fail, mer 8 apr 2020, 22.07.36, CEST,mer 8 apr 2020, 22.07.46, CEST
oozie,https://github.com/apache/oozie.git, fbf28362b1a811e006cff1d8cf887c5dff7085dd,./core/, TestCoordELFunctions,testCurrent,test fail, mer 8 apr 2020, 22.07.46, CEST,mer 8 apr 2020, 22.07.55, CEST
oozie,https://github.com/apache/oozie.git, fbf28362b1a811e006cff1d8cf887c5dff7085dd,./core/, TestCoordELFunctions,testCurrent,test fail, mer 8 apr 2020, 22.07.55, CEST,mer 8 apr 2020, 22.08.03, CEST
oozie,https://github.com/apache/oozie.git, fbf28362b1a811e006cff1d8cf887c5dff7085dd,./core/, TestCoordELFunctions,testCurrent,test fail, mer 8 apr 2020, 22.08.03, CEST,mer 8 apr 2020, 22.08.11, CEST
oozie,https://github.com/apache/oozie.git, fbf28362b1a811e006cff1d8cf887c5dff7085dd,./core/, TestCoordELFunctions,testCurrent,test fail, mer 8 apr 2020, 22.08.11, CEST,mer 8 apr 2020, 22.08.20, CEST
oozie,https://github.com/apache/oozie.git, fbf28362b1a811e006cff1d8cf887c5dff7085dd,./core/, TestCoordELFunctions,testCurrent,test fail, mer 8 apr 2020, 22.08.20, CEST,mer 8 apr 2020, 22.08.29, CEST
oozie,https://github.com/apache/oozie.git, fbf28362b1a811e006cff1d8cf887c5dff7085dd,./core/, TestCoordELFunctions,testCurrent,test fail, mer 8 apr 2020, 22.08.29, CEST,mer 8 apr 2020, 22.08.39, CEST
oozie,https://github.com/apache/oozie.git, fbf28362b1a811e006cff1d8cf887c5dff7085dd,./core/, TestCoordELFunctions,testCurrent,test fail, mer 8 apr 2020, 22.08.39, CEST,mer 8 apr 2020, 22.08.47, CEST
oozie,https://github.com/apache/oozie.git, fbf28362b1a811e006cff1d8cf887c5dff7085dd,./core/, TestCoordELFunctions,testCurrent,test fail, mer 8 apr 2020, 22.08.47, CEST,mer 8 apr 2020, 22.08.57, CEST
oozie,https://github.com/apache/oozie.git, fbf28362b1a811e006cff1d8cf887c5dff7085dd,./core/, TestCoordELFunctions,testCurrent,test fail, mer 8 apr 2020, 22.08.57, CEST,mer 8 apr 2020, 22.09.06, CEST
oozie,https://github.com/apache/oozie.git, fbf28362b1a811e006cff1d8cf887c5dff7085dd,./core/, TestCoordELFunctions,testCurrent,test fail, mer 8 apr 2020, 22.09.06, CEST,mer 8 apr 2020, 22.09.15, CEST
oozie,https://github.com/apache/oozie.git, fbf28362b1a811e006cff1d8cf887c5dff7085dd,./core/, TestCoordELFunctions,testCurrent,test fail, mer 8 apr 2020, 22.09.15, CEST,mer 8 apr 2020, 22.09.23, CEST
oozie,https://github.com/apache/oozie.git, fbf28362b1a811e006cff1d8cf887c5dff7085dd,./core/, TestCoordELFunctions,testCurrent,test fail, mer 8 apr 2020, 22.09.23, CEST,mer 8 apr 2020, 22.09.32, CEST
oozie,https://github.com/apache/oozie.git, fbf28362b1a811e006cff1d8cf887c5dff7085dd,./core/, TestCoordELFunctions,testCurrent,test fail, mer 8 apr 2020, 22.09.32, CEST,mer 8 apr 2020, 22.09.40, CEST
oozie,https://github.com/apache/oozie.git, fbf28362b1a811e006cff1d8cf887c5dff7085dd,./core/, TestCoordELFunctions,testCurrent,test fail, mer 8 apr 2020, 22.09.40, CEST,mer 8 apr 2020, 22.09.47, CEST
oozie,https://github.com/apache/oozie.git, fbf28362b1a811e006cff1d8cf887c5dff7085dd,./core/, TestCoordELFunctions,testCurrent,test fail, mer 8 apr 2020, 22.09.47, CEST,mer 8 apr 2020, 22.09.56, CEST
oozie,https://github.com/apache/oozie.git, fbf28362b1a811e006cff1d8cf887c5dff7085dd,./core/, TestCoordELFunctions,testCurrent,test fail, mer 8 apr 2020, 22.09.56, CEST,mer 8 apr 2020, 22.10.06, CEST
oozie,https://github.com/apache/oozie.git, fbf28362b1a811e006cff1d8cf887c5dff7085dd,./core/, TestCoordELFunctions,testCurrent,test fail, mer 8 apr 2020, 22.10.06, CEST,mer 8 apr 2020, 22.10.17, CEST
oozie,https://github.com/apache/oozie.git, fbf28362b1a811e006cff1d8cf887c5dff7085dd,./core/, TestCoordELFunctions,testCurrent,test fail, mer 8 apr 2020, 22.10.17, CEST,mer 8 apr 2020, 22.10.26, CEST
oozie,https://github.com/apache/oozie.git, fbf28362b1a811e006cff1d8cf887c5dff7085dd,./core/, TestCoordELFunctions,testCurrent,test fail, mer 8 apr 2020, 22.10.26, CEST,mer 8 apr 2020, 22.10.36, CEST
oozie,https://github.com/apache/oozie.git, fbf28362b1a811e006cff1d8cf887c5dff7085dd,./core/, TestCoordELFunctions,testCurrent,test fail, mer 8 apr 2020, 22.10.36, CEST,mer 8 apr 2020, 22.10.46, CEST
oozie,https://github.com/apache/oozie.git, fbf28362b1a811e006cff1d8cf887c5dff7085dd,./core/, TestCoordELFunctions,testCurrent,test fail, mer 8 apr 2020, 22.10.46, CEST,mer 8 apr 2020, 22.10.56, CEST
oozie,https://github.com/apache/oozie.git, fbf28362b1a811e006cff1d8cf887c5dff7085dd,./core/, TestCoordELFunctions,testCurrent,test fail, mer 8 apr 2020, 22.10.56, CEST,mer 8 apr 2020, 22.11.05, CEST
oozie,https://github.com/apache/oozie.git, fbf28362b1a811e006cff1d8cf887c5dff7085dd,./core/, TestCoordELFunctions,testCurrent,test fail, mer 8 apr 2020, 22.11.05, CEST,mer 8 apr 2020, 22.11.14, CEST
oozie,https://github.com/apache/oozie.git, fbf28362b1a811e006cff1d8cf887c5dff7085dd,./core/, TestCoordELFunctions,testCurrent,test fail, mer 8 apr 2020, 22.11.14, CEST,mer 8 apr 2020, 22.11.26, CEST
oozie,https://github.com/apache/oozie.git, fbf28362b1a811e006cff1d8cf887c5dff7085dd,./core/, TestCoordELFunctions,testCurrent,test fail, mer 8 apr 2020, 22.11.26, CEST,mer 8 apr 2020, 22.11.34, CEST
oozie,https://github.com/apache/oozie.git, fbf28362b1a811e006cff1d8cf887c5dff7085dd,./core/, TestCoordELFunctions,testCurrent,test fail, mer 8 apr 2020, 22.11.34, CEST,mer 8 apr 2020, 22.11.42, CEST
oozie,https://github.com/apache/oozie.git, fbf28362b1a811e006cff1d8cf887c5dff7085dd,./core/, TestCoordELFunctions,testCurrent,test fail, mer 8 apr 2020, 22.11.42, CEST,mer 8 apr 2020, 22.11.49, CEST
oozie,https://github.com/apache/oozie.git, fbf28362b1a811e006cff1d8cf887c5dff7085dd,./core/, TestCoordELFunctions,testCurrent,test fail, mer 8 apr 2020, 22.11.49, CEST,mer 8 apr 2020, 22.11.55, CEST
oozie,https://github.com/apache/oozie.git, fbf28362b1a811e006cff1d8cf887c5dff7085dd,./core/, TestCoordELFunctions,testCurrent,test fail, mer 8 apr 2020, 22.11.55, CEST,mer 8 apr 2020, 22.12.05, CEST
oozie,https://github.com/apache/oozie.git, fbf28362b1a811e006cff1d8cf887c5dff7085dd,./core/, TestCoordELFunctions,testCurrent,test fail, mer 8 apr 2020, 22.12.05, CEST,mer 8 apr 2020, 22.12.12, CEST
oozie,https://github.com/apache/oozie.git, fbf28362b1a811e006cff1d8cf887c5dff7085dd,./core/, TestCoordELFunctions,testCurrent,test fail, mer 8 apr 2020, 22.12.12, CEST,mer 8 apr 2020, 22.12.21, CEST
oozie,https://github.com/apache/oozie.git, fbf28362b1a811e006cff1d8cf887c5dff7085dd,./core/, TestCoordELFunctions,testCurrent,test fail, mer 8 apr 2020, 22.12.21, CEST,mer 8 apr 2020, 22.12.28, CEST
oozie,https://github.com/apache/oozie.git, fbf28362b1a811e006cff1d8cf887c5dff7085dd,./core/, TestCoordELFunctions,testCurrent,test fail, mer 8 apr 2020, 22.12.28, CEST,mer 8 apr 2020, 22.12.35, CEST
oozie,https://github.com/apache/oozie.git, fbf28362b1a811e006cff1d8cf887c5dff7085dd,./core/, TestCoordELFunctions,testCurrent,test fail, mer 8 apr 2020, 22.12.35, CEST,mer 8 apr 2020, 22.12.45, CEST
oozie,https://github.com/apache/oozie.git, fbf28362b1a811e006cff1d8cf887c5dff7085dd,./core/, TestCoordELFunctions,testCurrent,test fail, mer 8 apr 2020, 22.12.45, CEST,mer 8 apr 2020, 22.12.55, CEST
oozie,https://github.com/apache/oozie.git, fbf28362b1a811e006cff1d8cf887c5dff7085dd,./core/, TestCoordELFunctions,testCurrent,test fail, mer 8 apr 2020, 22.12.55, CEST,mer 8 apr 2020, 22.13.07, CEST
oozie,https://github.com/apache/oozie.git, fbf28362b1a811e006cff1d8cf887c5dff7085dd,./core/, TestCoordELFunctions,testCurrent,test fail, mer 8 apr 2020, 22.13.07, CEST,mer 8 apr 2020, 22.13.19, CEST
oozie,https://github.com/apache/oozie.git, fbf28362b1a811e006cff1d8cf887c5dff7085dd,./core/, TestCoordELFunctions,testCurrent,test fail, mer 8 apr 2020, 22.13.19, CEST,mer 8 apr 2020, 22.13.27, CEST
oozie,https://github.com/apache/oozie.git, fbf28362b1a811e006cff1d8cf887c5dff7085dd,./core/, TestCoordELFunctions,testCurrent,test fail, mer 8 apr 2020, 22.13.27, CEST,mer 8 apr 2020, 22.13.35, CEST
oozie,https://github.com/apache/oozie.git, fbf28362b1a811e006cff1d8cf887c5dff7085dd,./core/, TestCoordELFunctions,testCurrent,test fail, mer 8 apr 2020, 22.13.35, CEST,mer 8 apr 2020, 22.13.42, CEST
oozie,https://github.com/apache/oozie.git, fbf28362b1a811e006cff1d8cf887c5dff7085dd,./core/, TestCoordELFunctions,testCurrent,test fail, mer 8 apr 2020, 22.13.42, CEST,mer 8 apr 2020, 22.13.50, CEST
oozie,https://github.com/apache/oozie.git, fbf28362b1a811e006cff1d8cf887c5dff7085dd,./core/, TestCoordELFunctions,testCurrent,test fail, mer 8 apr 2020, 22.13.50, CEST,mer 8 apr 2020, 22.13.58, CEST
oozie,https://github.com/apache/oozie.git, fbf28362b1a811e006cff1d8cf887c5dff7085dd,./core/, TestCoordELFunctions,testCurrent,test fail, mer 8 apr 2020, 22.13.58, CEST,mer 8 apr 2020, 22.14.06, CEST
oozie,https://github.com/apache/oozie.git, fbf28362b1a811e006cff1d8cf887c5dff7085dd,./core/, TestCoordELFunctions,testCurrent,test fail, mer 8 apr 2020, 22.14.06, CEST,mer 8 apr 2020, 22.14.13, CEST
oozie,https://github.com/apache/oozie.git, fbf28362b1a811e006cff1d8cf887c5dff7085dd,./core/, TestCoordELFunctions,testCurrent,test fail, mer 8 apr 2020, 22.14.13, CEST,mer 8 apr 2020, 22.14.21, CEST
oozie,https://github.com/apache/oozie.git, fbf28362b1a811e006cff1d8cf887c5dff7085dd,./core/, TestCoordELFunctions,testCurrent,test fail, mer 8 apr 2020, 22.14.21, CEST,mer 8 apr 2020, 22.14.29, CEST
oozie,https://github.com/apache/oozie.git, fbf28362b1a811e006cff1d8cf887c5dff7085dd,./core/, TestCoordELFunctions,testCurrent,test fail, mer 8 apr 2020, 22.14.29, CEST,mer 8 apr 2020, 22.14.38, CEST
oozie,https://github.com/apache/oozie.git, fbf28362b1a811e006cff1d8cf887c5dff7085dd,./core/, TestCoordELFunctions,testCurrent,test fail, mer 8 apr 2020, 22.14.38, CEST,mer 8 apr 2020, 22.14.46, CEST
oozie,https://github.com/apache/oozie.git, fbf28362b1a811e006cff1d8cf887c5dff7085dd,./core/, TestCoordELFunctions,testCurrent,test fail, mer 8 apr 2020, 22.14.46, CEST,mer 8 apr 2020, 22.14.53, CEST
oozie,https://github.com/apache/oozie.git, fbf28362b1a811e006cff1d8cf887c5dff7085dd,./core/, TestCoordELFunctions,testCurrent,test fail, mer 8 apr 2020, 22.14.53, CEST,mer 8 apr 2020, 22.15.03, CEST
oozie,https://github.com/apache/oozie.git, fbf28362b1a811e006cff1d8cf887c5dff7085dd,./core/, TestCoordELFunctions,testCurrent,test fail, mer 8 apr 2020, 22.15.03, CEST,mer 8 apr 2020, 22.15.14, CEST
oozie,https://github.com/apache/oozie.git, fbf28362b1a811e006cff1d8cf887c5dff7085dd,./core/, TestCoordELFunctions,testCurrent,test fail, mer 8 apr 2020, 22.15.14, CEST,mer 8 apr 2020, 22.15.25, CEST
oozie,https://github.com/apache/oozie.git, fbf28362b1a811e006cff1d8cf887c5dff7085dd,./core/, TestCoordELFunctions,testCurrent,test fail, mer 8 apr 2020, 22.15.25, CEST,mer 8 apr 2020, 22.15.33, CEST
oozie,https://github.com/apache/oozie.git, fbf28362b1a811e006cff1d8cf887c5dff7085dd,./core/, TestCoordELFunctions,testCurrent,test fail, mer 8 apr 2020, 22.15.33, CEST,mer 8 apr 2020, 22.15.40, CEST
oozie,https://github.com/apache/oozie.git, fbf28362b1a811e006cff1d8cf887c5dff7085dd,./core/, TestCoordELFunctions,testCurrent,test fail, mer 8 apr 2020, 22.15.40, CEST,mer 8 apr 2020, 22.15.47, CEST
oozie,https://github.com/apache/oozie.git, fbf28362b1a811e006cff1d8cf887c5dff7085dd,./core/, TestCoordELFunctions,testCurrent,test fail, mer 8 apr 2020, 22.15.48, CEST,mer 8 apr 2020, 22.15.55, CEST
oozie,https://github.com/apache/oozie.git, fbf28362b1a811e006cff1d8cf887c5dff7085dd,./core/, TestCoordELFunctions,testCurrent,test fail, mer 8 apr 2020, 22.15.55, CEST,mer 8 apr 2020, 22.16.02, CEST
oozie,https://github.com/apache/oozie.git, fbf28362b1a811e006cff1d8cf887c5dff7085dd,./core/, TestCoordELFunctions,testCurrent,test fail, mer 8 apr 2020, 22.16.02, CEST,mer 8 apr 2020, 22.16.08, CEST
oozie,https://github.com/apache/oozie.git, fbf28362b1a811e006cff1d8cf887c5dff7085dd,./core/, TestCoordELFunctions,testCurrent,test fail, mer 8 apr 2020, 22.16.08, CEST,mer 8 apr 2020, 22.16.13, CEST
oozie,https://github.com/apache/oozie.git, fbf28362b1a811e006cff1d8cf887c5dff7085dd,./core/, TestCoordELFunctions,testCurrent,test fail, mer 8 apr 2020, 22.16.13, CEST,mer 8 apr 2020, 22.16.19, CEST
oozie,https://github.com/apache/oozie.git, fbf28362b1a811e006cff1d8cf887c5dff7085dd,./core/, TestCoordELFunctions,testCurrent,test fail, mer 8 apr 2020, 22.16.19, CEST,mer 8 apr 2020, 22.16.24, CEST
oozie,https://github.com/apache/oozie.git, fbf28362b1a811e006cff1d8cf887c5dff7085dd,./core/, TestCoordELFunctions,testCurrent,test fail, mer 8 apr 2020, 22.16.24, CEST,mer 8 apr 2020, 22.16.29, CEST
oozie,https://github.com/apache/oozie.git, fbf28362b1a811e006cff1d8cf887c5dff7085dd,./core/, TestCoordELFunctions,testCurrent,test fail, mer 8 apr 2020, 22.16.29, CEST,mer 8 apr 2020, 22.16.35, CEST
oozie,https://github.com/apache/oozie.git, fbf28362b1a811e006cff1d8cf887c5dff7085dd,./core/, TestCoordELFunctions,testCurrent,test fail, mer 8 apr 2020, 22.16.35, CEST,mer 8 apr 2020, 22.16.43, CEST
oozie,https://github.com/apache/oozie.git, fbf28362b1a811e006cff1d8cf887c5dff7085dd,./core/, TestCoordELFunctions,testCurrent,test fail, mer 8 apr 2020, 22.16.43, CEST,mer 8 apr 2020, 22.16.50, CEST
oozie,https://github.com/apache/oozie.git, fbf28362b1a811e006cff1d8cf887c5dff7085dd,./core/, TestCoordELFunctions,testCurrent,test fail, mer 8 apr 2020, 22.16.50, CEST,mer 8 apr 2020, 22.16.58, CEST
oozie,https://github.com/apache/oozie.git, fbf28362b1a811e006cff1d8cf887c5dff7085dd,./core/, TestCoordELFunctions,testCurrent,test fail, mer 8 apr 2020, 22.16.58, CEST,mer 8 apr 2020, 22.17.07, CEST
oozie,https://github.com/apache/oozie.git, fbf28362b1a811e006cff1d8cf887c5dff7085dd,./core/, TestCoordELFunctions,testCurrent,test fail, mer 8 apr 2020, 22.17.07, CEST,mer 8 apr 2020, 22.17.15, CEST
oozie,https://github.com/apache/oozie.git, fbf28362b1a811e006cff1d8cf887c5dff7085dd,./core/, TestCoordELFunctions,testCurrent,test fail, mer 8 apr 2020, 22.17.15, CEST,mer 8 apr 2020, 22.17.22, CEST
oozie,https://github.com/apache/oozie.git, fbf28362b1a811e006cff1d8cf887c5dff7085dd,./core/, TestCoordELFunctions,testCurrent,test fail, mer 8 apr 2020, 22.17.22, CEST,mer 8 apr 2020, 22.17.30, CEST
oozie,https://github.com/apache/oozie.git, fbf28362b1a811e006cff1d8cf887c5dff7085dd,./core/, TestCoordELFunctions,testCurrent,test fail, mer 8 apr 2020, 22.17.30, CEST,mer 8 apr 2020, 22.17.36, CEST
oozie,https://github.com/apache/oozie.git, fbf28362b1a811e006cff1d8cf887c5dff7085dd,./core/, TestCoordELFunctions,testCurrent,test fail, mer 8 apr 2020, 22.17.36, CEST,mer 8 apr 2020, 22.17.44, CEST
oozie,https://github.com/apache/oozie.git, fbf28362b1a811e006cff1d8cf887c5dff7085dd,./core/, TestCoordELFunctions,testCurrent,test fail, mer 8 apr 2020, 22.17.44, CEST,mer 8 apr 2020, 22.17.49, CEST
oozie,https://github.com/apache/oozie.git, fbf28362b1a811e006cff1d8cf887c5dff7085dd,./core/, TestCoordELFunctions,testCurrent,test fail, mer 8 apr 2020, 22.17.49, CEST,mer 8 apr 2020, 22.17.54, CEST
oozie,https://github.com/apache/oozie.git, fbf28362b1a811e006cff1d8cf887c5dff7085dd,./core/, TestCoordELFunctions,testCurrent,test fail, mer 8 apr 2020, 22.17.54, CEST,mer 8 apr 2020, 22.18.00, CEST
oozie,https://github.com/apache/oozie.git, fbf28362b1a811e006cff1d8cf887c5dff7085dd,./core/, TestCoordELFunctions,testCurrent,test fail, mer 8 apr 2020, 22.18.00, CEST,mer 8 apr 2020, 22.18.05, CEST
oozie,https://github.com/apache/oozie.git, fbf28362b1a811e006cff1d8cf887c5dff7085dd,./core/, TestCoordELFunctions,testCurrent,test fail, mer 8 apr 2020, 22.18.05, CEST,mer 8 apr 2020, 22.18.11, CEST
oozie,https://github.com/apache/oozie.git, fbf28362b1a811e006cff1d8cf887c5dff7085dd,./core/, TestCoordELFunctions,testCurrent,test fail, mer 8 apr 2020, 22.18.11, CEST,mer 8 apr 2020, 22.18.16, CEST
oozie,https://github.com/apache/oozie.git, fbf28362b1a811e006cff1d8cf887c5dff7085dd,./core/, TestCoordELFunctions,testCurrent,test fail, mer 8 apr 2020, 22.18.16, CEST,mer 8 apr 2020, 22.18.21, CEST
oozie,https://github.com/apache/oozie.git, fbf28362b1a811e006cff1d8cf887c5dff7085dd,./core/, TestCoordELFunctions,testCurrent,test fail, mer 8 apr 2020, 22.18.21, CEST,mer 8 apr 2020, 22.18.27, CEST
oozie,https://github.com/apache/oozie.git, fbf28362b1a811e006cff1d8cf887c5dff7085dd,./core/, TestCoordELFunctions,testCurrent,test fail, mer 8 apr 2020, 22.18.27, CEST,mer 8 apr 2020, 22.18.32, CEST
oozie,https://github.com/apache/oozie.git, fbf28362b1a811e006cff1d8cf887c5dff7085dd,./core/, TestCoordELFunctions,testCurrent,test fail, mer 8 apr 2020, 22.18.32, CEST,mer 8 apr 2020, 22.18.38, CEST
oozie,https://github.com/apache/oozie.git, fbf28362b1a811e006cff1d8cf887c5dff7085dd,./core/, TestCoordELFunctions,testCurrent,test fail, mer 8 apr 2020, 22.18.38, CEST,mer 8 apr 2020, 22.18.43, CEST
oozie,https://github.com/apache/oozie.git, fbf28362b1a811e006cff1d8cf887c5dff7085dd,./core/, TestCoordELFunctions,testCurrent,test fail, mer 8 apr 2020, 22.18.43, CEST,mer 8 apr 2020, 22.18.49, CEST
oozie,https://github.com/apache/oozie.git, fbf28362b1a811e006cff1d8cf887c5dff7085dd,./core/, TestCoordELFunctions,testCurrent,test fail, mer 8 apr 2020, 22.18.49, CEST,mer 8 apr 2020, 22.18.54, CEST
oozie,https://github.com/apache/oozie.git, fbf28362b1a811e006cff1d8cf887c5dff7085dd,./core/, TestCoordELFunctions,testCurrent,test fail, mer 8 apr 2020, 22.18.54, CEST,mer 8 apr 2020, 22.19.00, CEST
oozie,https://github.com/apache/oozie.git, fbf28362b1a811e006cff1d8cf887c5dff7085dd,./core/, TestCoordELFunctions,testCurrent,test fail, mer 8 apr 2020, 22.19.00, CEST,mer 8 apr 2020, 22.19.05, CEST
oozie,https://github.com/apache/oozie.git, fbf28362b1a811e006cff1d8cf887c5dff7085dd,./core/, TestCoordELFunctions,testCurrent,test fail, mer 8 apr 2020, 22.19.05, CEST,mer 8 apr 2020, 22.19.10, CEST
oozie,https://github.com/apache/oozie.git, fbf28362b1a811e006cff1d8cf887c5dff7085dd,./core/, TestCoordELFunctions,testCurrent,test fail, mer 8 apr 2020, 22.19.11, CEST,mer 8 apr 2020, 22.19.16, CEST
oozie,https://github.com/apache/oozie.git, fbf28362b1a811e006cff1d8cf887c5dff7085dd,./core/, TestCoordELFunctions,testCurrent,test fail, mer 8 apr 2020, 22.19.16, CEST,mer 8 apr 2020, 22.19.21, CEST
oozie,https://github.com/apache/oozie.git, fbf28362b1a811e006cff1d8cf887c5dff7085dd,./core/, TestCoordELFunctions,testCurrent,test fail, mer 8 apr 2020, 22.19.21, CEST,mer 8 apr 2020, 22.19.35, CEST
oozie,https://github.com/apache/oozie.git, fbf28362b1a811e006cff1d8cf887c5dff7085dd,./core/, TestCoordELFunctions,testCurrent,test fail, mer 8 apr 2020, 22.19.35, CEST,mer 8 apr 2020, 22.19.46, CEST
oozie,https://github.com/apache/oozie.git, fbf28362b1a811e006cff1d8cf887c5dff7085dd,./core/, TestCoordELFunctions,testCurrent,test fail, mer 8 apr 2020, 22.19.46, CEST,mer 8 apr 2020, 22.19.56, CEST
oozie,https://github.com/apache/oozie.git, fbf28362b1a811e006cff1d8cf887c5dff7085dd,./core/, TestCoordELFunctions,testCurrent,test fail, mer 8 apr 2020, 22.19.56, CEST,mer 8 apr 2020, 22.20.07, CEST
oozie,https://github.com/apache/oozie.git, fbf28362b1a811e006cff1d8cf887c5dff7085dd,./core/, TestCoordELFunctions,testCurrent,test fail, mer 8 apr 2020, 22.20.07, CEST,mer 8 apr 2020, 22.20.16, CEST
oozie,https://github.com/apache/oozie.git, fbf28362b1a811e006cff1d8cf887c5dff7085dd,./core/, TestCoordELFunctions,testCurrent,test fail, mer 8 apr 2020, 22.20.16, CEST,mer 8 apr 2020, 22.20.26, CEST
oozie,https://github.com/apache/oozie.git, fbf28362b1a811e006cff1d8cf887c5dff7085dd,./core/, TestCoordELFunctions,testCurrent,test fail, mer 8 apr 2020, 22.20.26, CEST,mer 8 apr 2020, 22.20.37, CEST
oozie,https://github.com/apache/oozie.git, fbf28362b1a811e006cff1d8cf887c5dff7085dd,./core/, TestCoordELFunctions,testCurrent,test fail, mer 8 apr 2020, 22.20.37, CEST,mer 8 apr 2020, 22.20.47, CEST
oozie,https://github.com/apache/oozie.git, fbf28362b1a811e006cff1d8cf887c5dff7085dd,./core/, TestCoordELFunctions,testCurrent,test fail, mer 8 apr 2020, 22.20.47, CEST,mer 8 apr 2020, 22.20.57, CEST
oozie,https://github.com/apache/oozie.git, fbf28362b1a811e006cff1d8cf887c5dff7085dd,./core/, TestCoordELFunctions,testCurrent,test fail, mer 8 apr 2020, 22.20.57, CEST,mer 8 apr 2020, 22.21.03, CEST
oozie,https://github.com/apache/oozie.git, fbf28362b1a811e006cff1d8cf887c5dff7085dd,./core/, TestCoordELFunctions,testCurrent,test fail, mer 8 apr 2020, 22.21.03, CEST,mer 8 apr 2020, 22.21.08, CEST
oozie,https://github.com/apache/oozie.git, fbf28362b1a811e006cff1d8cf887c5dff7085dd,./core/, TestCoordELFunctions,testCurrent,test fail, mer 8 apr 2020, 22.21.08, CEST,mer 8 apr 2020, 22.21.14, CEST
oozie,https://github.com/apache/oozie.git, fbf28362b1a811e006cff1d8cf887c5dff7085dd,./core/, TestCoordELFunctions,testCurrent,test fail, mer 8 apr 2020, 22.21.14, CEST,mer 8 apr 2020, 22.21.19, CEST
oozie,https://github.com/apache/oozie.git, fbf28362b1a811e006cff1d8cf887c5dff7085dd,./core/, TestCoordELFunctions,testCurrent,test fail, mer 8 apr 2020, 22.21.19, CEST,mer 8 apr 2020, 22.21.25, CEST
oozie,https://github.com/apache/oozie.git, fbf28362b1a811e006cff1d8cf887c5dff7085dd,./core/, TestCoordELFunctions,testCurrent,test fail, mer 8 apr 2020, 22.21.25, CEST,mer 8 apr 2020, 22.21.30, CEST
oozie,https://github.com/apache/oozie.git, fbf28362b1a811e006cff1d8cf887c5dff7085dd,./core/, TestCoordELFunctions,testCurrent,test fail, mer 8 apr 2020, 22.21.30, CEST,mer 8 apr 2020, 22.21.37, CEST
oozie,https://github.com/apache/oozie.git, fbf28362b1a811e006cff1d8cf887c5dff7085dd,./core/, TestCoordELFunctions,testCurrent,test fail, mer 8 apr 2020, 22.21.37, CEST,mer 8 apr 2020, 22.21.46, CEST
oozie,https://github.com/apache/oozie.git, fbf28362b1a811e006cff1d8cf887c5dff7085dd,./core/, TestCoordELFunctions,testCurrent,test fail, mer 8 apr 2020, 22.21.46, CEST,mer 8 apr 2020, 22.21.52, CEST
oozie,https://github.com/apache/oozie.git, fbf28362b1a811e006cff1d8cf887c5dff7085dd,./core/, TestCoordELFunctions,testCurrent,test fail, mer 8 apr 2020, 22.21.52, CEST,mer 8 apr 2020, 22.22.00, CEST
oozie,https://github.com/apache/oozie.git, fbf28362b1a811e006cff1d8cf887c5dff7085dd,./core/, TestCoordELFunctions,testCurrent,test fail, mer 8 apr 2020, 22.22.00, CEST,mer 8 apr 2020, 22.22.08, CEST
oozie,https://github.com/apache/oozie.git, fbf28362b1a811e006cff1d8cf887c5dff7085dd,./core/, TestCoordELFunctions,testCurrent,test fail, mer 8 apr 2020, 22.22.08, CEST,mer 8 apr 2020, 22.22.15, CEST
oozie,https://github.com/apache/oozie.git, fbf28362b1a811e006cff1d8cf887c5dff7085dd,./core/, TestCoordELFunctions,testCurrent,test fail, mer 8 apr 2020, 22.22.15, CEST,mer 8 apr 2020, 22.22.23, CEST
oozie,https://github.com/apache/oozie.git, fbf28362b1a811e006cff1d8cf887c5dff7085dd,./core/, TestCoordELFunctions,testCurrent,test fail, mer 8 apr 2020, 22.22.23, CEST,mer 8 apr 2020, 22.22.31, CEST
oozie,https://github.com/apache/oozie.git, fbf28362b1a811e006cff1d8cf887c5dff7085dd,./core/, TestCoordELFunctions,testCurrent,test fail, mer 8 apr 2020, 22.22.31, CEST,mer 8 apr 2020, 22.22.38, CEST
oozie,https://github.com/apache/oozie.git, fbf28362b1a811e006cff1d8cf887c5dff7085dd,./core/, TestCoordELFunctions,testCurrent,test fail, mer 8 apr 2020, 22.22.38, CEST,mer 8 apr 2020, 22.22.46, CEST
oozie,https://github.com/apache/oozie.git, fbf28362b1a811e006cff1d8cf887c5dff7085dd,./core/, TestCoordELFunctions,testCurrent,test fail, mer 8 apr 2020, 22.22.46, CEST,mer 8 apr 2020, 22.22.54, CEST
oozie,https://github.com/apache/oozie.git, fbf28362b1a811e006cff1d8cf887c5dff7085dd,./core/, TestCoordELFunctions,testCurrent,test fail, mer 8 apr 2020, 22.22.54, CEST,mer 8 apr 2020, 22.23.02, CEST
oozie,https://github.com/apache/oozie.git, fbf28362b1a811e006cff1d8cf887c5dff7085dd,./core/, TestCoordELFunctions,testCurrent,test fail, mer 8 apr 2020, 22.23.02, CEST,mer 8 apr 2020, 22.23.11, CEST
oozie,https://github.com/apache/oozie.git, fbf28362b1a811e006cff1d8cf887c5dff7085dd,./core/, TestCoordELFunctions,testCurrent,test fail, mer 8 apr 2020, 22.23.11, CEST,mer 8 apr 2020, 22.23.17, CEST
oozie,https://github.com/apache/oozie.git, fbf28362b1a811e006cff1d8cf887c5dff7085dd,./core/, TestCoordELFunctions,testCurrent,test fail, mer 8 apr 2020, 22.23.17, CEST,mer 8 apr 2020, 22.23.26, CEST
oozie,https://github.com/apache/oozie.git, fbf28362b1a811e006cff1d8cf887c5dff7085dd,./core/, TestCoordELFunctions,testCurrent,test fail, mer 8 apr 2020, 22.23.26, CEST,mer 8 apr 2020, 22.23.33, CEST
oozie,https://github.com/apache/oozie.git, fbf28362b1a811e006cff1d8cf887c5dff7085dd,./core/, TestCoordELFunctions,testCurrent,test fail, mer 8 apr 2020, 22.23.33, CEST,mer 8 apr 2020, 22.23.39, CEST
oozie,https://github.com/apache/oozie.git, fbf28362b1a811e006cff1d8cf887c5dff7085dd,./core/, TestCoordELFunctions,testCurrent,test fail, mer 8 apr 2020, 22.23.39, CEST,mer 8 apr 2020, 22.23.44, CEST
oozie,https://github.com/apache/oozie.git, fbf28362b1a811e006cff1d8cf887c5dff7085dd,./core/, TestCoordELFunctions,testCurrent,test fail, mer 8 apr 2020, 22.23.44, CEST,mer 8 apr 2020, 22.23.50, CEST
oozie,https://github.com/apache/oozie.git, fbf28362b1a811e006cff1d8cf887c5dff7085dd,./core/, TestCoordELFunctions,testCurrent,test fail, mer 8 apr 2020, 22.23.50, CEST,mer 8 apr 2020, 22.23.55, CEST
oozie,https://github.com/apache/oozie.git, fbf28362b1a811e006cff1d8cf887c5dff7085dd,./core/, TestCoordELFunctions,testCurrent,test fail, mer 8 apr 2020, 22.23.55, CEST,mer 8 apr 2020, 22.24.00, CEST
oozie,https://github.com/apache/oozie.git, fbf28362b1a811e006cff1d8cf887c5dff7085dd,./core/, TestCoordELFunctions,testCurrent,test fail, mer 8 apr 2020, 22.24.00, CEST,mer 8 apr 2020, 22.24.06, CEST
oozie,https://github.com/apache/oozie.git, fbf28362b1a811e006cff1d8cf887c5dff7085dd,./core/, TestCoordELFunctions,testCurrent,test fail, mer 8 apr 2020, 22.24.06, CEST,mer 8 apr 2020, 22.24.13, CEST
oozie,https://github.com/apache/oozie.git, fbf28362b1a811e006cff1d8cf887c5dff7085dd,./core/, TestCoordELFunctions,testCurrent,test fail, mer 8 apr 2020, 22.24.13, CEST,mer 8 apr 2020, 22.24.21, CEST
oozie,https://github.com/apache/oozie.git, fbf28362b1a811e006cff1d8cf887c5dff7085dd,./core/, TestCoordELFunctions,testCurrent,test fail, mer 8 apr 2020, 22.24.21, CEST,mer 8 apr 2020, 22.24.28, CEST
oozie,https://github.com/apache/oozie.git, fbf28362b1a811e006cff1d8cf887c5dff7085dd,./core/, TestCoordELFunctions,testCurrent,test fail, mer 8 apr 2020, 22.24.28, CEST,mer 8 apr 2020, 22.24.36, CEST
oozie,https://github.com/apache/oozie.git, fbf28362b1a811e006cff1d8cf887c5dff7085dd,./core/, TestCoordELFunctions,testCurrent,test fail, mer 8 apr 2020, 22.24.36, CEST,mer 8 apr 2020, 22.24.43, CEST
oozie,https://github.com/apache/oozie.git, fbf28362b1a811e006cff1d8cf887c5dff7085dd,./core/, TestCoordELFunctions,testCurrent,test fail, mer 8 apr 2020, 22.24.43, CEST,mer 8 apr 2020, 22.24.51, CEST
oozie,https://github.com/apache/oozie.git, fbf28362b1a811e006cff1d8cf887c5dff7085dd,./core/, TestCoordELFunctions,testCurrent,test fail, mer 8 apr 2020, 22.24.51, CEST,mer 8 apr 2020, 22.24.58, CEST
oozie,https://github.com/apache/oozie.git, fbf28362b1a811e006cff1d8cf887c5dff7085dd,./core/, TestCoordELFunctions,testCurrent,test fail, mer 8 apr 2020, 22.24.58, CEST,mer 8 apr 2020, 22.25.06, CEST
oozie,https://github.com/apache/oozie.git, fbf28362b1a811e006cff1d8cf887c5dff7085dd,./core/, TestCoordELFunctions,testCurrent,test fail, mer 8 apr 2020, 22.25.06, CEST,mer 8 apr 2020, 22.25.13, CEST
oozie,https://github.com/apache/oozie.git, fbf28362b1a811e006cff1d8cf887c5dff7085dd,./core/, TestCoordELFunctions,testCurrent,test fail, mer 8 apr 2020, 22.25.13, CEST,mer 8 apr 2020, 22.25.24, CEST
oozie,https://github.com/apache/oozie.git, fbf28362b1a811e006cff1d8cf887c5dff7085dd,./core/, TestCoordELFunctions,testCurrent,test fail, mer 8 apr 2020, 22.25.24, CEST,mer 8 apr 2020, 22.25.34, CEST
oozie,https://github.com/apache/oozie.git, fbf28362b1a811e006cff1d8cf887c5dff7085dd,./core/, TestCoordELFunctions,testCurrent,test fail, mer 8 apr 2020, 22.25.34, CEST,mer 8 apr 2020, 22.25.44, CEST
oozie,https://github.com/apache/oozie.git, fbf28362b1a811e006cff1d8cf887c5dff7085dd,./core/, TestCoordELFunctions,testCurrent,test fail, mer 8 apr 2020, 22.25.44, CEST,mer 8 apr 2020, 22.25.50, CEST
oozie,https://github.com/apache/oozie.git, fbf28362b1a811e006cff1d8cf887c5dff7085dd,./core/, TestCoordELFunctions,testCurrent,test fail, mer 8 apr 2020, 22.25.50, CEST,mer 8 apr 2020, 22.25.55, CEST
oozie,https://github.com/apache/oozie.git, fbf28362b1a811e006cff1d8cf887c5dff7085dd,./core/, TestCoordELFunctions,testCurrent,test fail, mer 8 apr 2020, 22.25.55, CEST,mer 8 apr 2020, 22.26.01, CEST
oozie,https://github.com/apache/oozie.git, fbf28362b1a811e006cff1d8cf887c5dff7085dd,./core/, TestCoordELFunctions,testCurrent,test fail, mer 8 apr 2020, 22.26.01, CEST,mer 8 apr 2020, 22.26.06, CEST
oozie,https://github.com/apache/oozie.git, fbf28362b1a811e006cff1d8cf887c5dff7085dd,./core/, TestCoordELFunctions,testCurrent,test fail, mer 8 apr 2020, 22.26.06, CEST,mer 8 apr 2020, 22.26.11, CEST
oozie,https://github.com/apache/oozie.git, fbf28362b1a811e006cff1d8cf887c5dff7085dd,./core/, TestCoordELFunctions,testCurrent,test fail, mer 8 apr 2020, 22.26.11, CEST,mer 8 apr 2020, 22.26.17, CEST
oozie,https://github.com/apache/oozie.git, fbf28362b1a811e006cff1d8cf887c5dff7085dd,./core/, TestCoordELFunctions,testCurrent,test fail, mer 8 apr 2020, 22.26.17, CEST,mer 8 apr 2020, 22.26.25, CEST
oozie,https://github.com/apache/oozie.git, fbf28362b1a811e006cff1d8cf887c5dff7085dd,./core/, TestCoordELFunctions,testCurrent,test fail, mer 8 apr 2020, 22.26.25, CEST,mer 8 apr 2020, 22.26.32, CEST
oozie,https://github.com/apache/oozie.git, fbf28362b1a811e006cff1d8cf887c5dff7085dd,./core/, TestCoordELFunctions,testCurrent,test fail, mer 8 apr 2020, 22.26.32, CEST,mer 8 apr 2020, 22.26.40, CEST
oozie,https://github.com/apache/oozie.git, fbf28362b1a811e006cff1d8cf887c5dff7085dd,./core/, TestCoordELFunctions,testCurrent,test fail, mer 8 apr 2020, 22.26.40, CEST,mer 8 apr 2020, 22.26.46, CEST
oozie,https://github.com/apache/oozie.git, fbf28362b1a811e006cff1d8cf887c5dff7085dd,./core/, TestCoordELFunctions,testCurrent,test fail, mer 8 apr 2020, 22.26.46, CEST,mer 8 apr 2020, 22.26.54, CEST
oozie,https://github.com/apache/oozie.git, fbf28362b1a811e006cff1d8cf887c5dff7085dd,./core/, TestCoordELFunctions,testCurrent,test fail, mer 8 apr 2020, 22.26.54, CEST,mer 8 apr 2020, 22.27.01, CEST
oozie,https://github.com/apache/oozie.git, fbf28362b1a811e006cff1d8cf887c5dff7085dd,./core/, TestCoordELFunctions,testCurrent,test fail, mer 8 apr 2020, 22.27.01, CEST,mer 8 apr 2020, 22.27.08, CEST
oozie,https://github.com/apache/oozie.git, fbf28362b1a811e006cff1d8cf887c5dff7085dd,./core/, TestCoordELFunctions,testCurrent,test fail, mer 8 apr 2020, 22.27.08, CEST,mer 8 apr 2020, 22.27.15, CEST
oozie,https://github.com/apache/oozie.git, fbf28362b1a811e006cff1d8cf887c5dff7085dd,./core/, TestCoordELFunctions,testCurrent,test fail, mer 8 apr 2020, 22.27.15, CEST,mer 8 apr 2020, 22.27.22, CEST
oozie,https://github.com/apache/oozie.git, fbf28362b1a811e006cff1d8cf887c5dff7085dd,./core/, TestCoordELFunctions,testCurrent,test fail, mer 8 apr 2020, 22.27.22, CEST,mer 8 apr 2020, 22.27.30, CEST
oozie,https://github.com/apache/oozie.git, fbf28362b1a811e006cff1d8cf887c5dff7085dd,./core/, TestCoordELFunctions,testCurrent,test fail, mer 8 apr 2020, 22.27.30, CEST,mer 8 apr 2020, 22.27.41, CEST
oozie,https://github.com/apache/oozie.git, fbf28362b1a811e006cff1d8cf887c5dff7085dd,./core/, TestCoordELFunctions,testCurrent,test fail, mer 8 apr 2020, 22.27.41, CEST,mer 8 apr 2020, 22.27.49, CEST
oozie,https://github.com/apache/oozie.git, fbf28362b1a811e006cff1d8cf887c5dff7085dd,./core/, TestCoordELFunctions,testCurrent,test fail, mer 8 apr 2020, 22.27.49, CEST,mer 8 apr 2020, 22.27.57, CEST
oozie,https://github.com/apache/oozie.git, fbf28362b1a811e006cff1d8cf887c5dff7085dd,./core/, TestCoordELFunctions,testCurrent,test fail, mer 8 apr 2020, 22.27.57, CEST,mer 8 apr 2020, 22.28.05, CEST
oozie,https://github.com/apache/oozie.git, fbf28362b1a811e006cff1d8cf887c5dff7085dd,./core/, TestCoordELFunctions,testCurrent,test fail, mer 8 apr 2020, 22.28.05, CEST,mer 8 apr 2020, 22.28.12, CEST
oozie,https://github.com/apache/oozie.git, fbf28362b1a811e006cff1d8cf887c5dff7085dd,./core/, TestCoordELFunctions,testCurrent,test fail, mer 8 apr 2020, 22.28.12, CEST,mer 8 apr 2020, 22.28.20, CEST
oozie,https://github.com/apache/oozie.git, fbf28362b1a811e006cff1d8cf887c5dff7085dd,./core/, TestCoordELFunctions,testCurrent,test fail, mer 8 apr 2020, 22.28.20, CEST,mer 8 apr 2020, 22.28.27, CEST
oozie,https://github.com/apache/oozie.git, fbf28362b1a811e006cff1d8cf887c5dff7085dd,./core/, TestCoordELFunctions,testCurrent,test fail, mer 8 apr 2020, 22.28.27, CEST,mer 8 apr 2020, 22.28.37, CEST
oozie,https://github.com/apache/oozie.git, fbf28362b1a811e006cff1d8cf887c5dff7085dd,./core/, TestCoordELFunctions,testCurrent,test fail, mer 8 apr 2020, 22.28.37, CEST,mer 8 apr 2020, 22.28.46, CEST
oozie,https://github.com/apache/oozie.git, fbf28362b1a811e006cff1d8cf887c5dff7085dd,./core/, TestCoordELFunctions,testCurrent,test fail, mer 8 apr 2020, 22.28.46, CEST,mer 8 apr 2020, 22.28.56, CEST
oozie,https://github.com/apache/oozie.git, fbf28362b1a811e006cff1d8cf887c5dff7085dd,./core/, TestCoordELFunctions,testCurrent,test fail, mer 8 apr 2020, 22.28.56, CEST,mer 8 apr 2020, 22.29.05, CEST
oozie,https://github.com/apache/oozie.git, fbf28362b1a811e006cff1d8cf887c5dff7085dd,./core/, TestCoordELFunctions,testCurrent,test fail, mer 8 apr 2020, 22.29.05, CEST,mer 8 apr 2020, 22.29.12, CEST
oozie,https://github.com/apache/oozie.git, fbf28362b1a811e006cff1d8cf887c5dff7085dd,./core/, TestCoordELFunctions,testCurrent,test fail, mer 8 apr 2020, 22.29.12, CEST,mer 8 apr 2020, 22.29.18, CEST
oozie,https://github.com/apache/oozie.git, fbf28362b1a811e006cff1d8cf887c5dff7085dd,./core/, TestCoordELFunctions,testCurrent,test fail, mer 8 apr 2020, 22.29.18, CEST,mer 8 apr 2020, 22.29.25, CEST
oozie,https://github.com/apache/oozie.git, fbf28362b1a811e006cff1d8cf887c5dff7085dd,./core/, TestCoordELFunctions,testCurrent,test fail, mer 8 apr 2020, 22.29.25, CEST,mer 8 apr 2020, 22.29.32, CEST
oozie,https://github.com/apache/oozie.git, fbf28362b1a811e006cff1d8cf887c5dff7085dd,./core/, TestCoordELFunctions,testCurrent,test fail, mer 8 apr 2020, 22.29.32, CEST,mer 8 apr 2020, 22.29.39, CEST
oozie,https://github.com/apache/oozie.git, fbf28362b1a811e006cff1d8cf887c5dff7085dd,./core/, TestCoordELFunctions,testCurrent,test fail, mer 8 apr 2020, 22.29.39, CEST,mer 8 apr 2020, 22.29.45, CEST
oozie,https://github.com/apache/oozie.git, fbf28362b1a811e006cff1d8cf887c5dff7085dd,./core/, TestCoordELFunctions,testCurrent,test fail, mer 8 apr 2020, 22.29.45, CEST,mer 8 apr 2020, 22.29.53, CEST
oozie,https://github.com/apache/oozie.git, fbf28362b1a811e006cff1d8cf887c5dff7085dd,./core/, TestCoordELFunctions,testCurrent,test fail, mer 8 apr 2020, 22.29.53, CEST,mer 8 apr 2020, 22.29.59, CEST
oozie,https://github.com/apache/oozie.git, fbf28362b1a811e006cff1d8cf887c5dff7085dd,./core/, TestCoordELFunctions,testCurrent,test fail, mer 8 apr 2020, 22.29.59, CEST,mer 8 apr 2020, 22.30.06, CEST
oozie,https://github.com/apache/oozie.git, fbf28362b1a811e006cff1d8cf887c5dff7085dd,./core/, TestCoordELFunctions,testCurrent,test fail, mer 8 apr 2020, 22.30.06, CEST,mer 8 apr 2020, 22.30.13, CEST
oozie,https://github.com/apache/oozie.git, fbf28362b1a811e006cff1d8cf887c5dff7085dd,./core/, TestCoordELFunctions,testCurrent,test fail, mer 8 apr 2020, 22.30.13, CEST,mer 8 apr 2020, 22.30.22, CEST
oozie,https://github.com/apache/oozie.git, fbf28362b1a811e006cff1d8cf887c5dff7085dd,./core/, TestCoordELFunctions,testCurrent,test fail, mer 8 apr 2020, 22.30.22, CEST,mer 8 apr 2020, 22.30.30, CEST
oozie,https://github.com/apache/oozie.git, fbf28362b1a811e006cff1d8cf887c5dff7085dd,./core/, TestCoordELFunctions,testCurrent,test fail, mer 8 apr 2020, 22.30.30, CEST,mer 8 apr 2020, 22.30.39, CEST
oozie,https://github.com/apache/oozie.git, fbf28362b1a811e006cff1d8cf887c5dff7085dd,./core/, TestCoordELFunctions,testCurrent,test fail, mer 8 apr 2020, 22.30.39, CEST,mer 8 apr 2020, 22.30.49, CEST
oozie,https://github.com/apache/oozie.git, fbf28362b1a811e006cff1d8cf887c5dff7085dd,./core/, TestCoordELFunctions,testCurrent,test fail, mer 8 apr 2020, 22.30.49, CEST,mer 8 apr 2020, 22.30.57, CEST
oozie,https://github.com/apache/oozie.git, fbf28362b1a811e006cff1d8cf887c5dff7085dd,./core/, TestCoordELFunctions,testCurrent,test fail, mer 8 apr 2020, 22.30.57, CEST,mer 8 apr 2020, 22.31.05, CEST
oozie,https://github.com/apache/oozie.git, fbf28362b1a811e006cff1d8cf887c5dff7085dd,./core/, TestCoordELFunctions,testCurrent,test fail, mer 8 apr 2020, 22.31.05, CEST,mer 8 apr 2020, 22.31.13, CEST
oozie,https://github.com/apache/oozie.git, fbf28362b1a811e006cff1d8cf887c5dff7085dd,./core/, TestCoordELFunctions,testCurrent,test fail, mer 8 apr 2020, 22.31.13, CEST,mer 8 apr 2020, 22.31.22, CEST
oozie,https://github.com/apache/oozie.git, fbf28362b1a811e006cff1d8cf887c5dff7085dd,./core/, TestCoordELFunctions,testCurrent,test fail, mer 8 apr 2020, 22.31.22, CEST,mer 8 apr 2020, 22.31.31, CEST
oozie,https://github.com/apache/oozie.git, fbf28362b1a811e006cff1d8cf887c5dff7085dd,./core/, TestCoordELFunctions,testCurrent,test fail, mer 8 apr 2020, 22.31.31, CEST,mer 8 apr 2020, 22.31.39, CEST
oozie,https://github.com/apache/oozie.git, fbf28362b1a811e006cff1d8cf887c5dff7085dd,./core/, TestCoordELFunctions,testCurrent,test fail, mer 8 apr 2020, 22.31.39, CEST,mer 8 apr 2020, 22.31.46, CEST
oozie,https://github.com/apache/oozie.git, fbf28362b1a811e006cff1d8cf887c5dff7085dd,./core/, TestCoordELFunctions,testCurrent,test fail, mer 8 apr 2020, 22.31.46, CEST,mer 8 apr 2020, 22.31.54, CEST
oozie,https://github.com/apache/oozie.git, fbf28362b1a811e006cff1d8cf887c5dff7085dd,./core/, TestCoordELFunctions,testCurrent,test fail, mer 8 apr 2020, 22.31.54, CEST,mer 8 apr 2020, 22.32.03, CEST
oozie,https://github.com/apache/oozie.git, fbf28362b1a811e006cff1d8cf887c5dff7085dd,./core/, TestCoordELFunctions,testCurrent,test fail, mer 8 apr 2020, 22.32.03, CEST,mer 8 apr 2020, 22.32.11, CEST
oozie,https://github.com/apache/oozie.git, fbf28362b1a811e006cff1d8cf887c5dff7085dd,./core/, TestCoordELFunctions,testCurrent,test fail, mer 8 apr 2020, 22.32.11, CEST,mer 8 apr 2020, 22.32.19, CEST
oozie,https://github.com/apache/oozie.git, fbf28362b1a811e006cff1d8cf887c5dff7085dd,./core/, TestCoordELFunctions,testCurrent,test fail, mer 8 apr 2020, 22.32.19, CEST,mer 8 apr 2020, 22.32.27, CEST
oozie,https://github.com/apache/oozie.git, fbf28362b1a811e006cff1d8cf887c5dff7085dd,./core/, TestCoordELFunctions,testCurrent,test fail, mer 8 apr 2020, 22.32.27, CEST,mer 8 apr 2020, 22.32.32, CEST
oozie,https://github.com/apache/oozie.git, fbf28362b1a811e006cff1d8cf887c5dff7085dd,./core/, TestCoordELFunctions,testCurrent,test fail, mer 8 apr 2020, 22.32.32, CEST,mer 8 apr 2020, 22.32.38, CEST
oozie,https://github.com/apache/oozie.git, fbf28362b1a811e006cff1d8cf887c5dff7085dd,./core/, TestCoordELFunctions,testCurrent,test fail, mer 8 apr 2020, 22.32.38, CEST,mer 8 apr 2020, 22.32.44, CEST
oozie,https://github.com/apache/oozie.git, fbf28362b1a811e006cff1d8cf887c5dff7085dd,./core/, TestCoordELFunctions,testCurrent,test fail, mer 8 apr 2020, 22.32.44, CEST,mer 8 apr 2020, 22.32.49, CEST
oozie,https://github.com/apache/oozie.git, fbf28362b1a811e006cff1d8cf887c5dff7085dd,./core/, TestCoordELFunctions,testCurrent,test fail, mer 8 apr 2020, 22.32.49, CEST,mer 8 apr 2020, 22.32.55, CEST
oozie,https://github.com/apache/oozie.git, fbf28362b1a811e006cff1d8cf887c5dff7085dd,./core/, TestCoordELFunctions,testCurrent,test fail, mer 8 apr 2020, 22.32.55, CEST,mer 8 apr 2020, 22.33.00, CEST
oozie,https://github.com/apache/oozie.git, fbf28362b1a811e006cff1d8cf887c5dff7085dd,./core/, TestCoordELFunctions,testCurrent,test fail, mer 8 apr 2020, 22.33.00, CEST,mer 8 apr 2020, 22.33.07, CEST
oozie,https://github.com/apache/oozie.git, fbf28362b1a811e006cff1d8cf887c5dff7085dd,./core/, TestCoordELFunctions,testCurrent,test fail, mer 8 apr 2020, 22.33.07, CEST,mer 8 apr 2020, 22.33.14, CEST
oozie,https://github.com/apache/oozie.git, fbf28362b1a811e006cff1d8cf887c5dff7085dd,./core/, TestCoordELFunctions,testCurrent,test fail, mer 8 apr 2020, 22.33.14, CEST,mer 8 apr 2020, 22.33.20, CEST
oozie,https://github.com/apache/oozie.git, fbf28362b1a811e006cff1d8cf887c5dff7085dd,./core/, TestCoordELFunctions,testCurrent,test fail, mer 8 apr 2020, 22.33.20, CEST,mer 8 apr 2020, 22.33.27, CEST
oozie,https://github.com/apache/oozie.git, fbf28362b1a811e006cff1d8cf887c5dff7085dd,./core/, TestCoordELFunctions,testCurrent,test fail, mer 8 apr 2020, 22.33.27, CEST,mer 8 apr 2020, 22.33.33, CEST
oozie,https://github.com/apache/oozie.git, fbf28362b1a811e006cff1d8cf887c5dff7085dd,./core/, TestCoordELFunctions,testCurrent,test fail, mer 8 apr 2020, 22.33.33, CEST,mer 8 apr 2020, 22.33.39, CEST
oozie,https://github.com/apache/oozie.git, fbf28362b1a811e006cff1d8cf887c5dff7085dd,./core/, TestCoordELFunctions,testCurrent,test fail, mer 8 apr 2020, 22.33.39, CEST,mer 8 apr 2020, 22.33.44, CEST
oozie,https://github.com/apache/oozie.git, fbf28362b1a811e006cff1d8cf887c5dff7085dd,./core/, TestCoordELFunctions,testCurrent,test fail, mer 8 apr 2020, 22.33.44, CEST,mer 8 apr 2020, 22.33.49, CEST
oozie,https://github.com/apache/oozie.git, fbf28362b1a811e006cff1d8cf887c5dff7085dd,./core/, TestCoordELFunctions,testCurrent,test fail, mer 8 apr 2020, 22.33.49, CEST,mer 8 apr 2020, 22.33.55, CEST
oozie,https://github.com/apache/oozie.git, fbf28362b1a811e006cff1d8cf887c5dff7085dd,./core/, TestCoordELFunctions,testCurrent,test fail, mer 8 apr 2020, 22.33.55, CEST,mer 8 apr 2020, 22.34.00, CEST
oozie,https://github.com/apache/oozie.git, fbf28362b1a811e006cff1d8cf887c5dff7085dd,./core/, TestCoordELFunctions,testCurrent,test fail, mer 8 apr 2020, 22.34.00, CEST,mer 8 apr 2020, 22.34.06, CEST
oozie,https://github.com/apache/oozie.git, fbf28362b1a811e006cff1d8cf887c5dff7085dd,./core/, TestCoordELFunctions,testCurrent,test fail, mer 8 apr 2020, 22.34.06, CEST,mer 8 apr 2020, 22.34.12, CEST
oozie,https://github.com/apache/oozie.git, fbf28362b1a811e006cff1d8cf887c5dff7085dd,./core/, TestCoordELFunctions,testCurrent,test fail, mer 8 apr 2020, 22.34.12, CEST,mer 8 apr 2020, 22.34.19, CEST
oozie,https://github.com/apache/oozie.git, fbf28362b1a811e006cff1d8cf887c5dff7085dd,./core/, TestCoordELFunctions,testCurrent,test fail, mer 8 apr 2020, 22.34.19, CEST,mer 8 apr 2020, 22.34.25, CEST
oozie,https://github.com/apache/oozie.git, fbf28362b1a811e006cff1d8cf887c5dff7085dd,./core/, TestCoordELFunctions,testCurrent,test fail, mer 8 apr 2020, 22.34.25, CEST,mer 8 apr 2020, 22.34.30, CEST
oozie,https://github.com/apache/oozie.git, fbf28362b1a811e006cff1d8cf887c5dff7085dd,./core/, TestCoordELFunctions,testCurrent,test fail, mer 8 apr 2020, 22.34.30, CEST,mer 8 apr 2020, 22.34.37, CEST
oozie,https://github.com/apache/oozie.git, fbf28362b1a811e006cff1d8cf887c5dff7085dd,./core/, TestCoordELFunctions,testCurrent,test fail, mer 8 apr 2020, 22.34.37, CEST,mer 8 apr 2020, 22.34.44, CEST
oozie,https://github.com/apache/oozie.git, fbf28362b1a811e006cff1d8cf887c5dff7085dd,./core/, TestCoordELFunctions,testCurrent,test fail, mer 8 apr 2020, 22.34.44, CEST,mer 8 apr 2020, 22.34.50, CEST
oozie,https://github.com/apache/oozie.git, fbf28362b1a811e006cff1d8cf887c5dff7085dd,./core/, TestCoordELFunctions,testCurrent,test fail, mer 8 apr 2020, 22.34.50, CEST,mer 8 apr 2020, 22.34.56, CEST
oozie,https://github.com/apache/oozie.git, fbf28362b1a811e006cff1d8cf887c5dff7085dd,./core/, TestCoordELFunctions,testCurrent,test fail, mer 8 apr 2020, 22.34.56, CEST,mer 8 apr 2020, 22.35.03, CEST
oozie,https://github.com/apache/oozie.git, fbf28362b1a811e006cff1d8cf887c5dff7085dd,./core/, TestCoordELFunctions,testCurrent,test fail, mer 8 apr 2020, 22.35.03, CEST,mer 8 apr 2020, 22.35.08, CEST
oozie,https://github.com/apache/oozie.git, fbf28362b1a811e006cff1d8cf887c5dff7085dd,./core/, TestCoordELFunctions,testCurrent,test fail, mer 8 apr 2020, 22.35.08, CEST,mer 8 apr 2020, 22.35.14, CEST
oozie,https://github.com/apache/oozie.git, fbf28362b1a811e006cff1d8cf887c5dff7085dd,./core/, TestCoordELFunctions,testCurrent,test fail, mer 8 apr 2020, 22.35.14, CEST,mer 8 apr 2020, 22.35.20, CEST
oozie,https://github.com/apache/oozie.git, fbf28362b1a811e006cff1d8cf887c5dff7085dd,./core/, TestCoordELFunctions,testCurrent,test fail, mer 8 apr 2020, 22.35.20, CEST,mer 8 apr 2020, 22.35.26, CEST
oozie,https://github.com/apache/oozie.git, fbf28362b1a811e006cff1d8cf887c5dff7085dd,./core/, TestCoordELFunctions,testCurrent,test fail, mer 8 apr 2020, 22.35.26, CEST,mer 8 apr 2020, 22.35.32, CEST
oozie,https://github.com/apache/oozie.git, fbf28362b1a811e006cff1d8cf887c5dff7085dd,./core/, TestCoordELFunctions,testCurrent,test fail, mer 8 apr 2020, 22.35.32, CEST,mer 8 apr 2020, 22.35.38, CEST
oozie,https://github.com/apache/oozie.git, fbf28362b1a811e006cff1d8cf887c5dff7085dd,./core/, TestCoordELFunctions,testCurrent,test fail, mer 8 apr 2020, 22.35.38, CEST,mer 8 apr 2020, 22.35.45, CEST
oozie,https://github.com/apache/oozie.git, fbf28362b1a811e006cff1d8cf887c5dff7085dd,./core/, TestCoordELFunctions,testCurrent,test fail, mer 8 apr 2020, 22.35.45, CEST,mer 8 apr 2020, 22.35.50, CEST
oozie,https://github.com/apache/oozie.git, fbf28362b1a811e006cff1d8cf887c5dff7085dd,./core/, TestCoordELFunctions,testCurrent,test fail, mer 8 apr 2020, 22.35.50, CEST,mer 8 apr 2020, 22.35.56, CEST
oozie,https://github.com/apache/oozie.git, fbf28362b1a811e006cff1d8cf887c5dff7085dd,./core/, TestCoordELFunctions,testCurrent,test fail, mer 8 apr 2020, 22.35.56, CEST,mer 8 apr 2020, 22.36.02, CEST
oozie,https://github.com/apache/oozie.git, fbf28362b1a811e006cff1d8cf887c5dff7085dd,./core/, TestCoordELFunctions,testCurrent,test fail, mer 8 apr 2020, 22.36.02, CEST,mer 8 apr 2020, 22.36.07, CEST
oozie,https://github.com/apache/oozie.git, fbf28362b1a811e006cff1d8cf887c5dff7085dd,./core/, TestCoordELFunctions,testCurrent,test fail, mer 8 apr 2020, 22.36.07, CEST,mer 8 apr 2020, 22.36.12, CEST
oozie,https://github.com/apache/oozie.git, fbf28362b1a811e006cff1d8cf887c5dff7085dd,./core/, TestCoordELFunctions,testCurrent,test fail, mer 8 apr 2020, 22.36.12, CEST,mer 8 apr 2020, 22.36.18, CEST
oozie,https://github.com/apache/oozie.git, fbf28362b1a811e006cff1d8cf887c5dff7085dd,./core/, TestCoordELFunctions,testCurrent,test fail, mer 8 apr 2020, 22.36.18, CEST,mer 8 apr 2020, 22.36.23, CEST
oozie,https://github.com/apache/oozie.git, fbf28362b1a811e006cff1d8cf887c5dff7085dd,./core/, TestCoordELFunctions,testCurrent,test fail, mer 8 apr 2020, 22.36.23, CEST,mer 8 apr 2020, 22.36.28, CEST
oozie,https://github.com/apache/oozie.git, fbf28362b1a811e006cff1d8cf887c5dff7085dd,./core/, TestCoordELFunctions,testCurrent,test fail, mer 8 apr 2020, 22.36.28, CEST,mer 8 apr 2020, 22.36.34, CEST
oozie,https://github.com/apache/oozie.git, fbf28362b1a811e006cff1d8cf887c5dff7085dd,./core/, TestCoordELFunctions,testCurrent,test fail, mer 8 apr 2020, 22.36.34, CEST,mer 8 apr 2020, 22.36.40, CEST
oozie,https://github.com/apache/oozie.git, fbf28362b1a811e006cff1d8cf887c5dff7085dd,./core/, TestCoordELFunctions,testCurrent,test fail, mer 8 apr 2020, 22.36.40, CEST,mer 8 apr 2020, 22.36.45, CEST
oozie,https://github.com/apache/oozie.git, fbf28362b1a811e006cff1d8cf887c5dff7085dd,./core/, TestCoordELFunctions,testCurrent,test fail, mer 8 apr 2020, 22.36.45, CEST,mer 8 apr 2020, 22.36.51, CEST
oozie,https://github.com/apache/oozie.git, fbf28362b1a811e006cff1d8cf887c5dff7085dd,./core/, TestCoordELFunctions,testCurrent,test fail, mer 8 apr 2020, 22.36.51, CEST,mer 8 apr 2020, 22.36.56, CEST
oozie,https://github.com/apache/oozie.git, fbf28362b1a811e006cff1d8cf887c5dff7085dd,./core/, TestCoordELFunctions,testCurrent,test fail, mer 8 apr 2020, 22.36.56, CEST,mer 8 apr 2020, 22.37.02, CEST
oozie,https://github.com/apache/oozie.git, fbf28362b1a811e006cff1d8cf887c5dff7085dd,./core/, TestCoordELFunctions,testCurrent,test fail, mer 8 apr 2020, 22.37.02, CEST,mer 8 apr 2020, 22.37.07, CEST
oozie,https://github.com/apache/oozie.git, fbf28362b1a811e006cff1d8cf887c5dff7085dd,./core/, TestCoordELFunctions,testCurrent,test fail, mer 8 apr 2020, 22.37.07, CEST,mer 8 apr 2020, 22.37.13, CEST
oozie,https://github.com/apache/oozie.git, fbf28362b1a811e006cff1d8cf887c5dff7085dd,./core/, TestCoordELFunctions,testCurrent,test fail, mer 8 apr 2020, 22.37.13, CEST,mer 8 apr 2020, 22.37.18, CEST
oozie,https://github.com/apache/oozie.git, fbf28362b1a811e006cff1d8cf887c5dff7085dd,./core/, TestCoordELFunctions,testCurrent,test fail, mer 8 apr 2020, 22.37.18, CEST,mer 8 apr 2020, 22.37.24, CEST
oozie,https://github.com/apache/oozie.git, fbf28362b1a811e006cff1d8cf887c5dff7085dd,./core/, TestCoordELFunctions,testCurrent,test fail, mer 8 apr 2020, 22.37.24, CEST,mer 8 apr 2020, 22.37.29, CEST
oozie,https://github.com/apache/oozie.git, fbf28362b1a811e006cff1d8cf887c5dff7085dd,./core/, TestCoordELFunctions,testCurrent,test fail, mer 8 apr 2020, 22.37.29, CEST,mer 8 apr 2020, 22.37.35, CEST
oozie,https://github.com/apache/oozie.git, fbf28362b1a811e006cff1d8cf887c5dff7085dd,./core/, TestCoordELFunctions,testCurrent,test fail, mer 8 apr 2020, 22.37.35, CEST,mer 8 apr 2020, 22.37.40, CEST
oozie,https://github.com/apache/oozie.git, fbf28362b1a811e006cff1d8cf887c5dff7085dd,./core/, TestCoordELFunctions,testCurrent,test fail, mer 8 apr 2020, 22.37.40, CEST,mer 8 apr 2020, 22.37.46, CEST
oozie,https://github.com/apache/oozie.git, fbf28362b1a811e006cff1d8cf887c5dff7085dd,./core/, TestCoordELFunctions,testCurrent,test fail, mer 8 apr 2020, 22.37.46, CEST,mer 8 apr 2020, 22.37.52, CEST
oozie,https://github.com/apache/oozie.git, fbf28362b1a811e006cff1d8cf887c5dff7085dd,./core/, TestCoordELFunctions,testCurrent,test fail, mer 8 apr 2020, 22.37.52, CEST,mer 8 apr 2020, 22.37.57, CEST
oozie,https://github.com/apache/oozie.git, fbf28362b1a811e006cff1d8cf887c5dff7085dd,./core/, TestCoordELFunctions,testCurrent,test fail, mer 8 apr 2020, 22.37.57, CEST,mer 8 apr 2020, 22.38.03, CEST
oozie,https://github.com/apache/oozie.git, fbf28362b1a811e006cff1d8cf887c5dff7085dd,./core/, TestCoordELFunctions,testCurrent,test fail, mer 8 apr 2020, 22.38.03, CEST,mer 8 apr 2020, 22.38.09, CEST
oozie,https://github.com/apache/oozie.git, fbf28362b1a811e006cff1d8cf887c5dff7085dd,./core/, TestCoordELFunctions,testCurrent,test fail, mer 8 apr 2020, 22.38.09, CEST,mer 8 apr 2020, 22.38.14, CEST
oozie,https://github.com/apache/oozie.git, fbf28362b1a811e006cff1d8cf887c5dff7085dd,./core/, TestCoordELFunctions,testCurrent,test fail, mer 8 apr 2020, 22.38.14, CEST,mer 8 apr 2020, 22.38.20, CEST
oozie,https://github.com/apache/oozie.git, fbf28362b1a811e006cff1d8cf887c5dff7085dd,./core/, TestCoordELFunctions,testCurrent,test fail, mer 8 apr 2020, 22.38.20, CEST,mer 8 apr 2020, 22.38.25, CEST
oozie,https://github.com/apache/oozie.git, fbf28362b1a811e006cff1d8cf887c5dff7085dd,./core/, TestCoordELFunctions,testCurrent,test fail, mer 8 apr 2020, 22.38.25, CEST,mer 8 apr 2020, 22.38.31, CEST
oozie,https://github.com/apache/oozie.git, fbf28362b1a811e006cff1d8cf887c5dff7085dd,./core/, TestCoordELFunctions,testCurrent,test fail, mer 8 apr 2020, 22.38.31, CEST,mer 8 apr 2020, 22.38.37, CEST
oozie,https://github.com/apache/oozie.git, fbf28362b1a811e006cff1d8cf887c5dff7085dd,./core/, TestCoordELFunctions,testCurrent,test fail, mer 8 apr 2020, 22.38.37, CEST,mer 8 apr 2020, 22.38.43, CEST
oozie,https://github.com/apache/oozie.git, fbf28362b1a811e006cff1d8cf887c5dff7085dd,./core/, TestCoordELFunctions,testCurrent,test fail, mer 8 apr 2020, 22.38.43, CEST,mer 8 apr 2020, 22.38.48, CEST
oozie,https://github.com/apache/oozie.git, fbf28362b1a811e006cff1d8cf887c5dff7085dd,./core/, TestCoordELFunctions,testCurrent,test fail, mer 8 apr 2020, 22.38.48, CEST,mer 8 apr 2020, 22.38.53, CEST
oozie,https://github.com/apache/oozie.git, fbf28362b1a811e006cff1d8cf887c5dff7085dd,./core/, TestCoordELFunctions,testCurrent,test fail, mer 8 apr 2020, 22.38.53, CEST,mer 8 apr 2020, 22.38.58, CEST
oozie,https://github.com/apache/oozie.git, fbf28362b1a811e006cff1d8cf887c5dff7085dd,./core/, TestCoordELFunctions,testCurrent,test fail, mer 8 apr 2020, 22.38.58, CEST,mer 8 apr 2020, 22.39.04, CEST
oozie,https://github.com/apache/oozie.git, fbf28362b1a811e006cff1d8cf887c5dff7085dd,./core/, TestCoordELFunctions,testCurrent,test fail, mer 8 apr 2020, 22.39.04, CEST,mer 8 apr 2020, 22.39.09, CEST
oozie,https://github.com/apache/oozie.git, fbf28362b1a811e006cff1d8cf887c5dff7085dd,./core/, TestCoordELFunctions,testCurrent,test fail, mer 8 apr 2020, 22.39.09, CEST,mer 8 apr 2020, 22.39.14, CEST
oozie,https://github.com/apache/oozie.git, fbf28362b1a811e006cff1d8cf887c5dff7085dd,./core/, TestCoordELFunctions,testCurrent,test fail, mer 8 apr 2020, 22.39.14, CEST,mer 8 apr 2020, 22.39.20, CEST
oozie,https://github.com/apache/oozie.git, fbf28362b1a811e006cff1d8cf887c5dff7085dd,./core/, TestCoordELFunctions,testCurrent,test fail, mer 8 apr 2020, 22.39.20, CEST,mer 8 apr 2020, 22.39.25, CEST
oozie,https://github.com/apache/oozie.git, fbf28362b1a811e006cff1d8cf887c5dff7085dd,./core/, TestCoordELFunctions,testCurrent,test fail, mer 8 apr 2020, 22.39.25, CEST,mer 8 apr 2020, 22.39.31, CEST
oozie,https://github.com/apache/oozie.git, fbf28362b1a811e006cff1d8cf887c5dff7085dd,./core/, TestCoordELFunctions,testCurrent,test fail, mer 8 apr 2020, 22.39.31, CEST,mer 8 apr 2020, 22.39.36, CEST
oozie,https://github.com/apache/oozie.git, fbf28362b1a811e006cff1d8cf887c5dff7085dd,./core/, TestCoordELFunctions,testCurrent,test fail, mer 8 apr 2020, 22.39.36, CEST,mer 8 apr 2020, 22.39.42, CEST
oozie,https://github.com/apache/oozie.git, fbf28362b1a811e006cff1d8cf887c5dff7085dd,./core/, TestCoordELFunctions,testCurrent,test fail, mer 8 apr 2020, 22.39.42, CEST,mer 8 apr 2020, 22.39.47, CEST
oozie,https://github.com/apache/oozie.git, fbf28362b1a811e006cff1d8cf887c5dff7085dd,./core/, TestCoordELFunctions,testCurrent,test fail, mer 8 apr 2020, 22.39.47, CEST,mer 8 apr 2020, 22.39.52, CEST
oozie,https://github.com/apache/oozie.git, fbf28362b1a811e006cff1d8cf887c5dff7085dd,./core/, TestCoordELFunctions,testCurrent,test fail, mer 8 apr 2020, 22.39.52, CEST,mer 8 apr 2020, 22.39.57, CEST
oozie,https://github.com/apache/oozie.git, fbf28362b1a811e006cff1d8cf887c5dff7085dd,./core/, TestCoordELFunctions,testCurrent,test fail, mer 8 apr 2020, 22.39.57, CEST,mer 8 apr 2020, 22.40.03, CEST
oozie,https://github.com/apache/oozie.git, fbf28362b1a811e006cff1d8cf887c5dff7085dd,./core/, TestCoordELFunctions,testCurrent,test fail, mer 8 apr 2020, 22.40.03, CEST,mer 8 apr 2020, 22.40.08, CEST
oozie,https://github.com/apache/oozie.git, fbf28362b1a811e006cff1d8cf887c5dff7085dd,./core/, TestCoordELFunctions,testCurrent,test fail, mer 8 apr 2020, 22.40.08, CEST,mer 8 apr 2020, 22.40.14, CEST
oozie,https://github.com/apache/oozie.git, fbf28362b1a811e006cff1d8cf887c5dff7085dd,./core/, TestCoordELFunctions,testCurrent,test fail, mer 8 apr 2020, 22.40.14, CEST,mer 8 apr 2020, 22.40.19, CEST
oozie,https://github.com/apache/oozie.git, fbf28362b1a811e006cff1d8cf887c5dff7085dd,./core/, TestCoordELFunctions,testCurrent,test fail, mer 8 apr 2020, 22.40.19, CEST,mer 8 apr 2020, 22.40.24, CEST
oozie,https://github.com/apache/oozie.git, fbf28362b1a811e006cff1d8cf887c5dff7085dd,./core/, TestCoordELFunctions,testCurrent,test fail, mer 8 apr 2020, 22.40.24, CEST,mer 8 apr 2020, 22.40.30, CEST
oozie,https://github.com/apache/oozie.git, fbf28362b1a811e006cff1d8cf887c5dff7085dd,./core/, TestCoordELFunctions,testCurrent,test fail, mer 8 apr 2020, 22.40.30, CEST,mer 8 apr 2020, 22.40.35, CEST
oozie,https://github.com/apache/oozie.git, fbf28362b1a811e006cff1d8cf887c5dff7085dd,./core/, TestCoordELFunctions,testCurrent,test fail, mer 8 apr 2020, 22.40.35, CEST,mer 8 apr 2020, 22.40.41, CEST
oozie,https://github.com/apache/oozie.git, fbf28362b1a811e006cff1d8cf887c5dff7085dd,./core/, TestCoordELFunctions,testCurrent,test fail, mer 8 apr 2020, 22.40.41, CEST,mer 8 apr 2020, 22.40.46, CEST
oozie,https://github.com/apache/oozie.git, fbf28362b1a811e006cff1d8cf887c5dff7085dd,./core/, TestCoordELFunctions,testCurrent,test fail, mer 8 apr 2020, 22.40.46, CEST,mer 8 apr 2020, 22.40.52, CEST
oozie,https://github.com/apache/oozie.git, fbf28362b1a811e006cff1d8cf887c5dff7085dd,./core/, TestCoordELFunctions,testCurrent,test fail, mer 8 apr 2020, 22.40.52, CEST,mer 8 apr 2020, 22.40.57, CEST
oozie,https://github.com/apache/oozie.git, fbf28362b1a811e006cff1d8cf887c5dff7085dd,./core/, TestCoordELFunctions,testCurrent,test fail, mer 8 apr 2020, 22.40.57, CEST,mer 8 apr 2020, 22.41.03, CEST
oozie,https://github.com/apache/oozie.git, fbf28362b1a811e006cff1d8cf887c5dff7085dd,./core/, TestCoordELFunctions,testCurrent,test fail, mer 8 apr 2020, 22.41.03, CEST,mer 8 apr 2020, 22.41.08, CEST
oozie,https://github.com/apache/oozie.git, fbf28362b1a811e006cff1d8cf887c5dff7085dd,./core/, TestCoordELFunctions,testCurrent,test fail, mer 8 apr 2020, 22.41.08, CEST,mer 8 apr 2020, 22.41.13, CEST
oozie,https://github.com/apache/oozie.git, fbf28362b1a811e006cff1d8cf887c5dff7085dd,./core/, TestCoordELFunctions,testCurrent,test fail, mer 8 apr 2020, 22.41.13, CEST,mer 8 apr 2020, 22.41.19, CEST
oozie,https://github.com/apache/oozie.git, fbf28362b1a811e006cff1d8cf887c5dff7085dd,./core/, TestCoordELFunctions,testCurrent,test fail, mer 8 apr 2020, 22.41.19, CEST,mer 8 apr 2020, 22.41.25, CEST
oozie,https://github.com/apache/oozie.git, fbf28362b1a811e006cff1d8cf887c5dff7085dd,./core/, TestCoordELFunctions,testCurrent,test fail, mer 8 apr 2020, 22.41.25, CEST,mer 8 apr 2020, 22.41.30, CEST
oozie,https://github.com/apache/oozie.git, fbf28362b1a811e006cff1d8cf887c5dff7085dd,./core/, TestCoordELFunctions,testCurrent,test fail, mer 8 apr 2020, 22.41.30, CEST,mer 8 apr 2020, 22.41.36, CEST
oozie,https://github.com/apache/oozie.git, fbf28362b1a811e006cff1d8cf887c5dff7085dd,./core/, TestCoordELFunctions,testCurrent,test fail, mer 8 apr 2020, 22.41.36, CEST,mer 8 apr 2020, 22.41.43, CEST
oozie,https://github.com/apache/oozie.git, fbf28362b1a811e006cff1d8cf887c5dff7085dd,./core/, TestCoordELFunctions,testCurrent,test fail, mer 8 apr 2020, 22.41.43, CEST,mer 8 apr 2020, 22.41.49, CEST
oozie,https://github.com/apache/oozie.git, fbf28362b1a811e006cff1d8cf887c5dff7085dd,./core/, TestCoordELFunctions,testCurrent,test fail, mer 8 apr 2020, 22.41.49, CEST,mer 8 apr 2020, 22.41.54, CEST
oozie,https://github.com/apache/oozie.git, fbf28362b1a811e006cff1d8cf887c5dff7085dd,./core/, TestCoordELFunctions,testCurrent,test fail, mer 8 apr 2020, 22.41.54, CEST,mer 8 apr 2020, 22.42.00, CEST
oozie,https://github.com/apache/oozie.git, fbf28362b1a811e006cff1d8cf887c5dff7085dd,./core/, TestCoordELFunctions,testCurrent,test fail, mer 8 apr 2020, 22.42.00, CEST,mer 8 apr 2020, 22.42.06, CEST
oozie,https://github.com/apache/oozie.git, fbf28362b1a811e006cff1d8cf887c5dff7085dd,./core/, TestCoordELFunctions,testCurrent,test fail, mer 8 apr 2020, 22.42.06, CEST,mer 8 apr 2020, 22.42.12, CEST
oozie,https://github.com/apache/oozie.git, fbf28362b1a811e006cff1d8cf887c5dff7085dd,./core/, TestCoordELFunctions,testCurrent,test fail, mer 8 apr 2020, 22.42.12, CEST,mer 8 apr 2020, 22.42.18, CEST
oozie,https://github.com/apache/oozie.git, fbf28362b1a811e006cff1d8cf887c5dff7085dd,./core/, TestCoordELFunctions,testCurrent,test fail, mer 8 apr 2020, 22.42.18, CEST,mer 8 apr 2020, 22.42.24, CEST
oozie,https://github.com/apache/oozie.git, fbf28362b1a811e006cff1d8cf887c5dff7085dd,./core/, TestCoordELFunctions,testCurrent,test fail, mer 8 apr 2020, 22.42.24, CEST,mer 8 apr 2020, 22.42.30, CEST
oozie,https://github.com/apache/oozie.git, fbf28362b1a811e006cff1d8cf887c5dff7085dd,./core/, TestCoordELFunctions,testCurrent,test fail, mer 8 apr 2020, 22.42.30, CEST,mer 8 apr 2020, 22.42.35, CEST
oozie,https://github.com/apache/oozie.git, fbf28362b1a811e006cff1d8cf887c5dff7085dd,./core/, TestCoordELFunctions,testCurrent,test fail, mer 8 apr 2020, 22.42.35, CEST,mer 8 apr 2020, 22.42.40, CEST
oozie,https://github.com/apache/oozie.git, fbf28362b1a811e006cff1d8cf887c5dff7085dd,./core/, TestCoordELFunctions,testCurrent,test fail, mer 8 apr 2020, 22.42.40, CEST,mer 8 apr 2020, 22.42.46, CEST
oozie,https://github.com/apache/oozie.git, fbf28362b1a811e006cff1d8cf887c5dff7085dd,./core/, TestCoordELFunctions,testCurrent,test fail, mer 8 apr 2020, 22.42.46, CEST,mer 8 apr 2020, 22.42.51, CEST
oozie,https://github.com/apache/oozie.git, fbf28362b1a811e006cff1d8cf887c5dff7085dd,./core/, TestCoordELFunctions,testCurrent,test fail, mer 8 apr 2020, 22.42.51, CEST,mer 8 apr 2020, 22.42.56, CEST
oozie,https://github.com/apache/oozie.git, fbf28362b1a811e006cff1d8cf887c5dff7085dd,./core/, TestCoordELFunctions,testCurrent,test fail, mer 8 apr 2020, 22.42.56, CEST,mer 8 apr 2020, 22.43.02, CEST
oozie,https://github.com/apache/oozie.git, fbf28362b1a811e006cff1d8cf887c5dff7085dd,./core/, TestCoordELFunctions,testCurrent,test fail, mer 8 apr 2020, 22.43.02, CEST,mer 8 apr 2020, 22.43.07, CEST
oozie,https://github.com/apache/oozie.git, fbf28362b1a811e006cff1d8cf887c5dff7085dd,./core/, TestCoordELFunctions,testCurrent,test fail, mer 8 apr 2020, 22.43.07, CEST,mer 8 apr 2020, 22.43.12, CEST
oozie,https://github.com/apache/oozie.git, fbf28362b1a811e006cff1d8cf887c5dff7085dd,./core/, TestCoordELFunctions,testCurrent,test fail, mer 8 apr 2020, 22.43.12, CEST,mer 8 apr 2020, 22.43.17, CEST
oozie,https://github.com/apache/oozie.git, fbf28362b1a811e006cff1d8cf887c5dff7085dd,./core/, TestCoordELFunctions,testCurrent,test fail, mer 8 apr 2020, 22.43.17, CEST,mer 8 apr 2020, 22.43.23, CEST
oozie,https://github.com/apache/oozie.git, fbf28362b1a811e006cff1d8cf887c5dff7085dd,./core/, TestCoordELFunctions,testCurrent,test fail, mer 8 apr 2020, 22.43.23, CEST,mer 8 apr 2020, 22.43.28, CEST
oozie,https://github.com/apache/oozie.git, fbf28362b1a811e006cff1d8cf887c5dff7085dd,./core/, TestCoordELFunctions,testCurrent,test fail, mer 8 apr 2020, 22.43.28, CEST,mer 8 apr 2020, 22.43.34, CEST
oozie,https://github.com/apache/oozie.git, fbf28362b1a811e006cff1d8cf887c5dff7085dd,./core/, TestCoordELFunctions,testCurrent,test fail, mer 8 apr 2020, 22.43.34, CEST,mer 8 apr 2020, 22.43.39, CEST
oozie,https://github.com/apache/oozie.git, fbf28362b1a811e006cff1d8cf887c5dff7085dd,./core/, TestCoordELFunctions,testCurrent,test fail, mer 8 apr 2020, 22.43.39, CEST,mer 8 apr 2020, 22.43.44, CEST
oozie,https://github.com/apache/oozie.git, fbf28362b1a811e006cff1d8cf887c5dff7085dd,./core/, TestCoordELFunctions,testCurrent,test fail, mer 8 apr 2020, 22.43.44, CEST,mer 8 apr 2020, 22.43.50, CEST
oozie,https://github.com/apache/oozie.git, fbf28362b1a811e006cff1d8cf887c5dff7085dd,./core/, TestCoordELFunctions,testCurrent,test fail, mer 8 apr 2020, 22.43.50, CEST,mer 8 apr 2020, 22.43.55, CEST
oozie,https://github.com/apache/oozie.git, fbf28362b1a811e006cff1d8cf887c5dff7085dd,./core/, TestCoordELFunctions,testCurrent,test fail, mer 8 apr 2020, 22.43.55, CEST,mer 8 apr 2020, 22.44.01, CEST
oozie,https://github.com/apache/oozie.git, fbf28362b1a811e006cff1d8cf887c5dff7085dd,./core/, TestCoordELFunctions,testCurrent,test fail, mer 8 apr 2020, 22.44.01, CEST,mer 8 apr 2020, 22.44.06, CEST
oozie,https://github.com/apache/oozie.git, fbf28362b1a811e006cff1d8cf887c5dff7085dd,./core/, TestCoordELFunctions,testCurrent,test fail, mer 8 apr 2020, 22.44.06, CEST,mer 8 apr 2020, 22.44.11, CEST
oozie,https://github.com/apache/oozie.git, fbf28362b1a811e006cff1d8cf887c5dff7085dd,./core/, TestCoordELFunctions,testCurrent,test fail, mer 8 apr 2020, 22.44.11, CEST,mer 8 apr 2020, 22.44.17, CEST
oozie,https://github.com/apache/oozie.git, fbf28362b1a811e006cff1d8cf887c5dff7085dd,./core/, TestCoordELFunctions,testCurrent,test fail, mer 8 apr 2020, 22.44.17, CEST,mer 8 apr 2020, 22.44.22, CEST
oozie,https://github.com/apache/oozie.git, fbf28362b1a811e006cff1d8cf887c5dff7085dd,./core/, TestCoordELFunctions,testCurrent,test fail, mer 8 apr 2020, 22.44.22, CEST,mer 8 apr 2020, 22.44.28, CEST
oozie,https://github.com/apache/oozie.git, fbf28362b1a811e006cff1d8cf887c5dff7085dd,./core/, TestCoordELFunctions,testCurrent,test fail, mer 8 apr 2020, 22.44.28, CEST,mer 8 apr 2020, 22.44.33, CEST
oozie,https://github.com/apache/oozie.git, fbf28362b1a811e006cff1d8cf887c5dff7085dd,./core/, TestCoordELFunctions,testCurrent,test fail, mer 8 apr 2020, 22.44.33, CEST,mer 8 apr 2020, 22.44.38, CEST
oozie,https://github.com/apache/oozie.git, fbf28362b1a811e006cff1d8cf887c5dff7085dd,./core/, TestCoordELFunctions,testCurrent,test fail, mer 8 apr 2020, 22.44.39, CEST,mer 8 apr 2020, 22.44.44, CEST
oozie,https://github.com/apache/oozie.git, fbf28362b1a811e006cff1d8cf887c5dff7085dd,./core/, TestCoordELFunctions,testCurrent,test fail, mer 8 apr 2020, 22.44.44, CEST,mer 8 apr 2020, 22.44.49, CEST
oozie,https://github.com/apache/oozie.git, fbf28362b1a811e006cff1d8cf887c5dff7085dd,./core/, TestCoordELFunctions,testCurrent,test fail, mer 8 apr 2020, 22.44.49, CEST,mer 8 apr 2020, 22.44.54, CEST
oozie,https://github.com/apache/oozie.git, fbf28362b1a811e006cff1d8cf887c5dff7085dd,./core/, TestCoordELFunctions,testCurrent,test fail, mer 8 apr 2020, 22.44.54, CEST,mer 8 apr 2020, 22.45.00, CEST
oozie,https://github.com/apache/oozie.git, fbf28362b1a811e006cff1d8cf887c5dff7085dd,./core/, TestCoordELFunctions,testCurrent,test fail, mer 8 apr 2020, 22.45.00, CEST,mer 8 apr 2020, 22.45.06, CEST
oozie,https://github.com/apache/oozie.git, fbf28362b1a811e006cff1d8cf887c5dff7085dd,./core/, TestCoordELFunctions,testCurrent,test fail, mer 8 apr 2020, 22.45.06, CEST,mer 8 apr 2020, 22.45.11, CEST
oozie,https://github.com/apache/oozie.git, fbf28362b1a811e006cff1d8cf887c5dff7085dd,./core/, TestCoordELFunctions,testCurrent,test fail, mer 8 apr 2020, 22.45.11, CEST,mer 8 apr 2020, 22.45.17, CEST
oozie,https://github.com/apache/oozie.git, fbf28362b1a811e006cff1d8cf887c5dff7085dd,./core/, TestCoordELFunctions,testCurrent,test fail, mer 8 apr 2020, 22.45.17, CEST,mer 8 apr 2020, 22.45.22, CEST
oozie,https://github.com/apache/oozie.git, fbf28362b1a811e006cff1d8cf887c5dff7085dd,./core/, TestCoordELFunctions,testCurrent,test fail, mer 8 apr 2020, 22.45.22, CEST,mer 8 apr 2020, 22.45.28, CEST
oozie,https://github.com/apache/oozie.git, fbf28362b1a811e006cff1d8cf887c5dff7085dd,./core/, TestCoordELFunctions,testCurrent,test fail, mer 8 apr 2020, 22.45.28, CEST,mer 8 apr 2020, 22.45.33, CEST
oozie,https://github.com/apache/oozie.git, fbf28362b1a811e006cff1d8cf887c5dff7085dd,./core/, TestCoordELFunctions,testCurrent,test fail, mer 8 apr 2020, 22.45.33, CEST,mer 8 apr 2020, 22.45.39, CEST
oozie,https://github.com/apache/oozie.git, fbf28362b1a811e006cff1d8cf887c5dff7085dd,./core/, TestCoordELFunctions,testCurrent,test fail, mer 8 apr 2020, 22.45.39, CEST,mer 8 apr 2020, 22.45.44, CEST
oozie,https://github.com/apache/oozie.git, fbf28362b1a811e006cff1d8cf887c5dff7085dd,./core/, TestCoordELFunctions,testCurrent,test fail, mer 8 apr 2020, 22.45.44, CEST,mer 8 apr 2020, 22.45.50, CEST
oozie,https://github.com/apache/oozie.git, fbf28362b1a811e006cff1d8cf887c5dff7085dd,./core/, TestCoordELFunctions,testCurrent,test fail, mer 8 apr 2020, 22.45.50, CEST,mer 8 apr 2020, 22.45.56, CEST
oozie,https://github.com/apache/oozie.git, fbf28362b1a811e006cff1d8cf887c5dff7085dd,./core/, TestCoordELFunctions,testCurrent,test fail, mer 8 apr 2020, 22.45.56, CEST,mer 8 apr 2020, 22.46.01, CEST
oozie,https://github.com/apache/oozie.git, fbf28362b1a811e006cff1d8cf887c5dff7085dd,./core/, TestCoordELFunctions,testCurrent,test fail, mer 8 apr 2020, 22.46.01, CEST,mer 8 apr 2020, 22.46.07, CEST
oozie,https://github.com/apache/oozie.git, fbf28362b1a811e006cff1d8cf887c5dff7085dd,./core/, TestCoordELFunctions,testCurrent,test fail, mer 8 apr 2020, 22.46.07, CEST,mer 8 apr 2020, 22.46.12, CEST
oozie,https://github.com/apache/oozie.git, fbf28362b1a811e006cff1d8cf887c5dff7085dd,./core/, TestCoordELFunctions,testCurrent,test fail, mer 8 apr 2020, 22.46.12, CEST,mer 8 apr 2020, 22.46.17, CEST
oozie,https://github.com/apache/oozie.git, fbf28362b1a811e006cff1d8cf887c5dff7085dd,./core/, TestCoordELFunctions,testCurrent,test fail, mer 8 apr 2020, 22.46.17, CEST,mer 8 apr 2020, 22.46.23, CEST
oozie,https://github.com/apache/oozie.git, fbf28362b1a811e006cff1d8cf887c5dff7085dd,./core/, TestCoordELFunctions,testCurrent,test fail, mer 8 apr 2020, 22.46.23, CEST,mer 8 apr 2020, 22.46.28, CEST
oozie,https://github.com/apache/oozie.git, fbf28362b1a811e006cff1d8cf887c5dff7085dd,./core/, TestCoordELFunctions,testCurrent,test fail, mer 8 apr 2020, 22.46.28, CEST,mer 8 apr 2020, 22.46.33, CEST
oozie,https://github.com/apache/oozie.git, fbf28362b1a811e006cff1d8cf887c5dff7085dd,./core/, TestCoordELFunctions,testCurrent,test fail, mer 8 apr 2020, 22.46.33, CEST,mer 8 apr 2020, 22.46.39, CEST
oozie,https://github.com/apache/oozie.git, fbf28362b1a811e006cff1d8cf887c5dff7085dd,./core/, TestCoordELFunctions,testCurrent,test fail, mer 8 apr 2020, 22.46.39, CEST,mer 8 apr 2020, 22.46.44, CEST
oozie,https://github.com/apache/oozie.git, fbf28362b1a811e006cff1d8cf887c5dff7085dd,./core/, TestCoordELFunctions,testCurrent,test fail, mer 8 apr 2020, 22.46.44, CEST,mer 8 apr 2020, 22.46.49, CEST
oozie,https://github.com/apache/oozie.git, fbf28362b1a811e006cff1d8cf887c5dff7085dd,./core/, TestCoordELFunctions,testCurrent,test fail, mer 8 apr 2020, 22.46.49, CEST,mer 8 apr 2020, 22.46.54, CEST
oozie,https://github.com/apache/oozie.git, fbf28362b1a811e006cff1d8cf887c5dff7085dd,./core/, TestCoordELFunctions,testCurrent,test fail, mer 8 apr 2020, 22.46.54, CEST,mer 8 apr 2020, 22.46.59, CEST
oozie,https://github.com/apache/oozie.git, fbf28362b1a811e006cff1d8cf887c5dff7085dd,./core/, TestCoordELFunctions,testCurrent,test fail, mer 8 apr 2020, 22.46.59, CEST,mer 8 apr 2020, 22.47.05, CEST
oozie,https://github.com/apache/oozie.git, fbf28362b1a811e006cff1d8cf887c5dff7085dd,./core/, TestCoordELFunctions,testCurrent,test fail, mer 8 apr 2020, 22.47.05, CEST,mer 8 apr 2020, 22.47.10, CEST
oozie,https://github.com/apache/oozie.git, fbf28362b1a811e006cff1d8cf887c5dff7085dd,./core/, TestCoordELFunctions,testCurrent,test fail, mer 8 apr 2020, 22.47.10, CEST,mer 8 apr 2020, 22.47.16, CEST
oozie,https://github.com/apache/oozie.git, fbf28362b1a811e006cff1d8cf887c5dff7085dd,./core/, TestCoordELFunctions,testCurrent,test fail, mer 8 apr 2020, 22.47.16, CEST,mer 8 apr 2020, 22.47.22, CEST
oozie,https://github.com/apache/oozie.git, fbf28362b1a811e006cff1d8cf887c5dff7085dd,./core/, TestCoordELFunctions,testCurrent,test fail, mer 8 apr 2020, 22.47.22, CEST,mer 8 apr 2020, 22.47.27, CEST
oozie,https://github.com/apache/oozie.git, fbf28362b1a811e006cff1d8cf887c5dff7085dd,./core/, TestCoordELFunctions,testCurrent,test fail, mer 8 apr 2020, 22.47.27, CEST,mer 8 apr 2020, 22.47.32, CEST
oozie,https://github.com/apache/oozie.git, fbf28362b1a811e006cff1d8cf887c5dff7085dd,./core/, TestCoordELFunctions,testCurrent,test fail, mer 8 apr 2020, 22.47.32, CEST,mer 8 apr 2020, 22.47.37, CEST
oozie,https://github.com/apache/oozie.git, fbf28362b1a811e006cff1d8cf887c5dff7085dd,./core/, TestCoordELFunctions,testCurrent,test fail, mer 8 apr 2020, 22.47.37, CEST,mer 8 apr 2020, 22.47.42, CEST
oozie,https://github.com/apache/oozie.git, fbf28362b1a811e006cff1d8cf887c5dff7085dd,./core/, TestCoordELFunctions,testCurrent,test fail, mer 8 apr 2020, 22.47.42, CEST,mer 8 apr 2020, 22.47.48, CEST
oozie,https://github.com/apache/oozie.git, fbf28362b1a811e006cff1d8cf887c5dff7085dd,./core/, TestCoordELFunctions,testCurrent,test fail, mer 8 apr 2020, 22.47.48, CEST,mer 8 apr 2020, 22.47.53, CEST
oozie,https://github.com/apache/oozie.git, fbf28362b1a811e006cff1d8cf887c5dff7085dd,./core/, TestCoordELFunctions,testCurrent,test fail, mer 8 apr 2020, 22.47.53, CEST,mer 8 apr 2020, 22.47.59, CEST
oozie,https://github.com/apache/oozie.git, fbf28362b1a811e006cff1d8cf887c5dff7085dd,./core/, TestCoordELFunctions,testCurrent,test fail, mer 8 apr 2020, 22.47.59, CEST,mer 8 apr 2020, 22.48.04, CEST
oozie,https://github.com/apache/oozie.git, fbf28362b1a811e006cff1d8cf887c5dff7085dd,./core/, TestCoordELFunctions,testCurrent,test fail, mer 8 apr 2020, 22.48.04, CEST,mer 8 apr 2020, 22.48.09, CEST
oozie,https://github.com/apache/oozie.git, fbf28362b1a811e006cff1d8cf887c5dff7085dd,./core/, TestCoordELFunctions,testCurrent,test fail, mer 8 apr 2020, 22.48.09, CEST,mer 8 apr 2020, 22.48.15, CEST
oozie,https://github.com/apache/oozie.git, fbf28362b1a811e006cff1d8cf887c5dff7085dd,./core/, TestCoordELFunctions,testCurrent,test fail, mer 8 apr 2020, 22.48.15, CEST,mer 8 apr 2020, 22.48.20, CEST
oozie,https://github.com/apache/oozie.git, fbf28362b1a811e006cff1d8cf887c5dff7085dd,./core/, TestCoordELFunctions,testCurrent,test fail, mer 8 apr 2020, 22.48.20, CEST,mer 8 apr 2020, 22.48.25, CEST
oozie,https://github.com/apache/oozie.git, fbf28362b1a811e006cff1d8cf887c5dff7085dd,./core/, TestCoordELFunctions,testCurrent,test fail, mer 8 apr 2020, 22.48.25, CEST,mer 8 apr 2020, 22.48.30, CEST
oozie,https://github.com/apache/oozie.git, fbf28362b1a811e006cff1d8cf887c5dff7085dd,./core/, TestCoordELFunctions,testCurrent,test fail, mer 8 apr 2020, 22.48.30, CEST,mer 8 apr 2020, 22.48.36, CEST
oozie,https://github.com/apache/oozie.git, fbf28362b1a811e006cff1d8cf887c5dff7085dd,./core/, TestCoordELFunctions,testCurrent,test fail, mer 8 apr 2020, 22.48.36, CEST,mer 8 apr 2020, 22.48.41, CEST
oozie,https://github.com/apache/oozie.git, fbf28362b1a811e006cff1d8cf887c5dff7085dd,./core/, TestCoordELFunctions,testCurrent,test fail, mer 8 apr 2020, 22.48.41, CEST,mer 8 apr 2020, 22.48.46, CEST
oozie,https://github.com/apache/oozie.git, fbf28362b1a811e006cff1d8cf887c5dff7085dd,./core/, TestCoordELFunctions,testCurrent,test fail, mer 8 apr 2020, 22.48.46, CEST,mer 8 apr 2020, 22.48.51, CEST
oozie,https://github.com/apache/oozie.git, fbf28362b1a811e006cff1d8cf887c5dff7085dd,./core/, TestCoordELFunctions,testCurrent,test fail, mer 8 apr 2020, 22.48.51, CEST,mer 8 apr 2020, 22.48.57, CEST
oozie,https://github.com/apache/oozie.git, fbf28362b1a811e006cff1d8cf887c5dff7085dd,./core/, TestCoordELFunctions,testCurrent,test fail, mer 8 apr 2020, 22.48.57, CEST,mer 8 apr 2020, 22.49.02, CEST
oozie,https://github.com/apache/oozie.git, fbf28362b1a811e006cff1d8cf887c5dff7085dd,./core/, TestCoordELFunctions,testCurrent,test fail, mer 8 apr 2020, 22.49.02, CEST,mer 8 apr 2020, 22.49.07, CEST
oozie,https://github.com/apache/oozie.git, fbf28362b1a811e006cff1d8cf887c5dff7085dd,./core/, TestCoordELFunctions,testCurrent,test fail, mer 8 apr 2020, 22.49.07, CEST,mer 8 apr 2020, 22.49.12, CEST
oozie,https://github.com/apache/oozie.git, fbf28362b1a811e006cff1d8cf887c5dff7085dd,./core/, TestCoordELFunctions,testCurrent,test fail, mer 8 apr 2020, 22.49.12, CEST,mer 8 apr 2020, 22.49.17, CEST
oozie,https://github.com/apache/oozie.git, fbf28362b1a811e006cff1d8cf887c5dff7085dd,./core/, TestCoordELFunctions,testCurrent,test fail, mer 8 apr 2020, 22.49.17, CEST,mer 8 apr 2020, 22.49.23, CEST
oozie,https://github.com/apache/oozie.git, fbf28362b1a811e006cff1d8cf887c5dff7085dd,./core/, TestCoordELFunctions,testCurrent,test fail, mer 8 apr 2020, 22.49.23, CEST,mer 8 apr 2020, 22.49.28, CEST
oozie,https://github.com/apache/oozie.git, fbf28362b1a811e006cff1d8cf887c5dff7085dd,./core/, TestCoordELFunctions,testCurrent,test fail, mer 8 apr 2020, 22.49.28, CEST,mer 8 apr 2020, 22.49.33, CEST
oozie,https://github.com/apache/oozie.git, fbf28362b1a811e006cff1d8cf887c5dff7085dd,./core/, TestCoordELFunctions,testCurrent,test fail, mer 8 apr 2020, 22.49.33, CEST,mer 8 apr 2020, 22.49.39, CEST
oozie,https://github.com/apache/oozie.git, fbf28362b1a811e006cff1d8cf887c5dff7085dd,./core/, TestCoordELFunctions,testCurrent,test fail, mer 8 apr 2020, 22.49.39, CEST,mer 8 apr 2020, 22.49.44, CEST
oozie,https://github.com/apache/oozie.git, fbf28362b1a811e006cff1d8cf887c5dff7085dd,./core/, TestCoordELFunctions,testCurrent,test fail, mer 8 apr 2020, 22.49.44, CEST,mer 8 apr 2020, 22.49.49, CEST
oozie,https://github.com/apache/oozie.git, fbf28362b1a811e006cff1d8cf887c5dff7085dd,./core/, TestCoordELFunctions,testCurrent,test fail, mer 8 apr 2020, 22.49.49, CEST,mer 8 apr 2020, 22.49.55, CEST
oozie,https://github.com/apache/oozie.git, fbf28362b1a811e006cff1d8cf887c5dff7085dd,./core/, TestCoordELFunctions,testCurrent,test fail, mer 8 apr 2020, 22.49.55, CEST,mer 8 apr 2020, 22.50.00, CEST
oozie,https://github.com/apache/oozie.git, fbf28362b1a811e006cff1d8cf887c5dff7085dd,./core/, TestCoordELFunctions,testCurrent,test fail, mer 8 apr 2020, 22.50.00, CEST,mer 8 apr 2020, 22.50.05, CEST
oozie,https://github.com/apache/oozie.git, fbf28362b1a811e006cff1d8cf887c5dff7085dd,./core/, TestCoordELFunctions,testCurrent,test fail, mer 8 apr 2020, 22.50.05, CEST,mer 8 apr 2020, 22.50.10, CEST
oozie,https://github.com/apache/oozie.git, fbf28362b1a811e006cff1d8cf887c5dff7085dd,./core/, TestCoordELFunctions,testCurrent,test fail, mer 8 apr 2020, 22.50.10, CEST,mer 8 apr 2020, 22.50.15, CEST
oozie,https://github.com/apache/oozie.git, fbf28362b1a811e006cff1d8cf887c5dff7085dd,./core/, TestCoordELFunctions,testCurrent,test fail, mer 8 apr 2020, 22.50.15, CEST,mer 8 apr 2020, 22.50.21, CEST
oozie,https://github.com/apache/oozie.git, fbf28362b1a811e006cff1d8cf887c5dff7085dd,./core/, TestCoordELFunctions,testCurrent,test fail, mer 8 apr 2020, 22.50.21, CEST,mer 8 apr 2020, 22.50.26, CEST
oozie,https://github.com/apache/oozie.git, fbf28362b1a811e006cff1d8cf887c5dff7085dd,./core/, TestCoordELFunctions,testCurrent,test fail, mer 8 apr 2020, 22.50.26, CEST,mer 8 apr 2020, 22.50.31, CEST
oozie,https://github.com/apache/oozie.git, fbf28362b1a811e006cff1d8cf887c5dff7085dd,./core/, TestCoordELFunctions,testCurrent,test fail, mer 8 apr 2020, 22.50.31, CEST,mer 8 apr 2020, 22.50.37, CEST
oozie,https://github.com/apache/oozie.git, fbf28362b1a811e006cff1d8cf887c5dff7085dd,./core/, TestCoordELFunctions,testCurrent,test fail, mer 8 apr 2020, 22.50.37, CEST,mer 8 apr 2020, 22.50.42, CEST
oozie,https://github.com/apache/oozie.git, fbf28362b1a811e006cff1d8cf887c5dff7085dd,./core/, TestCoordELFunctions,testCurrent,test fail, mer 8 apr 2020, 22.50.42, CEST,mer 8 apr 2020, 22.50.47, CEST
oozie,https://github.com/apache/oozie.git, fbf28362b1a811e006cff1d8cf887c5dff7085dd,./core/, TestCoordELFunctions,testCurrent,test fail, mer 8 apr 2020, 22.50.47, CEST,mer 8 apr 2020, 22.50.53, CEST
oozie,https://github.com/apache/oozie.git, fbf28362b1a811e006cff1d8cf887c5dff7085dd,./core/, TestCoordELFunctions,testCurrent,test fail, mer 8 apr 2020, 22.50.53, CEST,mer 8 apr 2020, 22.50.58, CEST
oozie,https://github.com/apache/oozie.git, fbf28362b1a811e006cff1d8cf887c5dff7085dd,./core/, TestCoordELFunctions,testCurrent,test fail, mer 8 apr 2020, 22.50.58, CEST,mer 8 apr 2020, 22.51.03, CEST
oozie,https://github.com/apache/oozie.git, fbf28362b1a811e006cff1d8cf887c5dff7085dd,./core/, TestCoordELFunctions,testCurrent,test fail, mer 8 apr 2020, 22.51.03, CEST,mer 8 apr 2020, 22.51.09, CEST
oozie,https://github.com/apache/oozie.git, fbf28362b1a811e006cff1d8cf887c5dff7085dd,./core/, TestCoordELFunctions,testCurrent,test fail, mer 8 apr 2020, 22.51.09, CEST,mer 8 apr 2020, 22.51.14, CEST
oozie,https://github.com/apache/oozie.git, fbf28362b1a811e006cff1d8cf887c5dff7085dd,./core/, TestCoordELFunctions,testCurrent,test fail, mer 8 apr 2020, 22.51.14, CEST,mer 8 apr 2020, 22.51.19, CEST
oozie,https://github.com/apache/oozie.git, fbf28362b1a811e006cff1d8cf887c5dff7085dd,./core/, TestCoordELFunctions,testCurrent,test fail, mer 8 apr 2020, 22.51.19, CEST,mer 8 apr 2020, 22.51.25, CEST
oozie,https://github.com/apache/oozie.git, fbf28362b1a811e006cff1d8cf887c5dff7085dd,./core/, TestCoordELFunctions,testCurrent,test fail, mer 8 apr 2020, 22.51.25, CEST,mer 8 apr 2020, 22.51.30, CEST
oozie,https://github.com/apache/oozie.git, fbf28362b1a811e006cff1d8cf887c5dff7085dd,./core/, TestCoordELFunctions,testCurrent,test fail, mer 8 apr 2020, 22.51.30, CEST,mer 8 apr 2020, 22.51.35, CEST
oozie,https://github.com/apache/oozie.git, fbf28362b1a811e006cff1d8cf887c5dff7085dd,./core/, TestCoordELFunctions,testCurrent,test fail, mer 8 apr 2020, 22.51.35, CEST,mer 8 apr 2020, 22.51.41, CEST
oozie,https://github.com/apache/oozie.git, fbf28362b1a811e006cff1d8cf887c5dff7085dd,./core/, TestCoordELFunctions,testCurrent,test fail, mer 8 apr 2020, 22.51.41, CEST,mer 8 apr 2020, 22.51.46, CEST
oozie,https://github.com/apache/oozie.git, fbf28362b1a811e006cff1d8cf887c5dff7085dd,./core/, TestCoordELFunctions,testCurrent,test fail, mer 8 apr 2020, 22.51.46, CEST,mer 8 apr 2020, 22.51.51, CEST
oozie,https://github.com/apache/oozie.git, fbf28362b1a811e006cff1d8cf887c5dff7085dd,./core/, TestCoordELFunctions,testCurrent,test fail, mer 8 apr 2020, 22.51.51, CEST,mer 8 apr 2020, 22.51.56, CEST
oozie,https://github.com/apache/oozie.git, fbf28362b1a811e006cff1d8cf887c5dff7085dd,./core/, TestCoordELFunctions,testCurrent,test fail, mer 8 apr 2020, 22.51.56, CEST,mer 8 apr 2020, 22.52.02, CEST
oozie,https://github.com/apache/oozie.git, fbf28362b1a811e006cff1d8cf887c5dff7085dd,./core/, TestCoordELFunctions,testCurrent,test fail, mer 8 apr 2020, 22.52.02, CEST,mer 8 apr 2020, 22.52.07, CEST
oozie,https://github.com/apache/oozie.git, fbf28362b1a811e006cff1d8cf887c5dff7085dd,./core/, TestCoordELFunctions,testCurrent,test fail, mer 8 apr 2020, 22.52.07, CEST,mer 8 apr 2020, 22.52.12, CEST
oozie,https://github.com/apache/oozie.git, fbf28362b1a811e006cff1d8cf887c5dff7085dd,./core/, TestCoordELFunctions,testCurrent,test fail, mer 8 apr 2020, 22.52.12, CEST,mer 8 apr 2020, 22.52.18, CEST
oozie,https://github.com/apache/oozie.git, fbf28362b1a811e006cff1d8cf887c5dff7085dd,./core/, TestCoordELFunctions,testCurrent,test fail, mer 8 apr 2020, 22.52.18, CEST,mer 8 apr 2020, 22.52.23, CEST
oozie,https://github.com/apache/oozie.git, fbf28362b1a811e006cff1d8cf887c5dff7085dd,./core/, TestCoordELFunctions,testCurrent,test fail, mer 8 apr 2020, 22.52.23, CEST,mer 8 apr 2020, 22.52.28, CEST
oozie,https://github.com/apache/oozie.git, fbf28362b1a811e006cff1d8cf887c5dff7085dd,./core/, TestCoordELFunctions,testCurrent,test fail, mer 8 apr 2020, 22.52.28, CEST,mer 8 apr 2020, 22.52.34, CEST
oozie,https://github.com/apache/oozie.git, fbf28362b1a811e006cff1d8cf887c5dff7085dd,./core/, TestCoordELFunctions,testCurrent,test fail, mer 8 apr 2020, 22.52.34, CEST,mer 8 apr 2020, 22.52.39, CEST
oozie,https://github.com/apache/oozie.git, fbf28362b1a811e006cff1d8cf887c5dff7085dd,./core/, TestCoordELFunctions,testCurrent,test fail, mer 8 apr 2020, 22.52.39, CEST,mer 8 apr 2020, 22.52.44, CEST
oozie,https://github.com/apache/oozie.git, fbf28362b1a811e006cff1d8cf887c5dff7085dd,./core/, TestCoordELFunctions,testCurrent,test fail, mer 8 apr 2020, 22.52.44, CEST,mer 8 apr 2020, 22.52.49, CEST
oozie,https://github.com/apache/oozie.git, fbf28362b1a811e006cff1d8cf887c5dff7085dd,./core/, TestCoordELFunctions,testCurrent,test fail, mer 8 apr 2020, 22.52.49, CEST,mer 8 apr 2020, 22.52.55, CEST
oozie,https://github.com/apache/oozie.git, fbf28362b1a811e006cff1d8cf887c5dff7085dd,./core/, TestCoordELFunctions,testCurrent,test fail, mer 8 apr 2020, 22.52.55, CEST,mer 8 apr 2020, 22.53.00, CEST
oozie,https://github.com/apache/oozie.git, fbf28362b1a811e006cff1d8cf887c5dff7085dd,./core/, TestCoordELFunctions,testCurrent,test fail, mer 8 apr 2020, 22.53.00, CEST,mer 8 apr 2020, 22.53.05, CEST
oozie,https://github.com/apache/oozie.git, fbf28362b1a811e006cff1d8cf887c5dff7085dd,./core/, TestCoordELFunctions,testCurrent,test fail, mer 8 apr 2020, 22.53.05, CEST,mer 8 apr 2020, 22.53.11, CEST
oozie,https://github.com/apache/oozie.git, fbf28362b1a811e006cff1d8cf887c5dff7085dd,./core/, TestCoordELFunctions,testCurrent,test fail, mer 8 apr 2020, 22.53.11, CEST,mer 8 apr 2020, 22.53.16, CEST
oozie,https://github.com/apache/oozie.git, fbf28362b1a811e006cff1d8cf887c5dff7085dd,./core/, TestCoordELFunctions,testCurrent,test fail, mer 8 apr 2020, 22.53.16, CEST,mer 8 apr 2020, 22.53.22, CEST
oozie,https://github.com/apache/oozie.git, fbf28362b1a811e006cff1d8cf887c5dff7085dd,./core/, TestCoordELFunctions,testCurrent,test fail, mer 8 apr 2020, 22.53.22, CEST,mer 8 apr 2020, 22.53.27, CEST
oozie,https://github.com/apache/oozie.git, fbf28362b1a811e006cff1d8cf887c5dff7085dd,./core/, TestCoordELFunctions,testCurrent,test fail, mer 8 apr 2020, 22.53.27, CEST,mer 8 apr 2020, 22.53.33, CEST
oozie,https://github.com/apache/oozie.git, fbf28362b1a811e006cff1d8cf887c5dff7085dd,./core/, TestCoordELFunctions,testCurrent,test fail, mer 8 apr 2020, 22.53.33, CEST,mer 8 apr 2020, 22.53.38, CEST
oozie,https://github.com/apache/oozie.git, fbf28362b1a811e006cff1d8cf887c5dff7085dd,./core/, TestCoordELFunctions,testCurrent,test fail, mer 8 apr 2020, 22.53.38, CEST,mer 8 apr 2020, 22.53.43, CEST
oozie,https://github.com/apache/oozie.git, fbf28362b1a811e006cff1d8cf887c5dff7085dd,./core/, TestCoordELFunctions,testCurrent,test fail, mer 8 apr 2020, 22.53.43, CEST,mer 8 apr 2020, 22.53.49, CEST
oozie,https://github.com/apache/oozie.git, fbf28362b1a811e006cff1d8cf887c5dff7085dd,./core/, TestCoordELFunctions,testCurrent,test fail, mer 8 apr 2020, 22.53.49, CEST,mer 8 apr 2020, 22.53.54, CEST
oozie,https://github.com/apache/oozie.git, fbf28362b1a811e006cff1d8cf887c5dff7085dd,./core/, TestCoordELFunctions,testCurrent,test fail, mer 8 apr 2020, 22.53.54, CEST,mer 8 apr 2020, 22.54.00, CEST
oozie,https://github.com/apache/oozie.git, fbf28362b1a811e006cff1d8cf887c5dff7085dd,./core/, TestCoordELFunctions,testCurrent,test fail, mer 8 apr 2020, 22.54.00, CEST,mer 8 apr 2020, 22.54.05, CEST
oozie,https://github.com/apache/oozie.git, fbf28362b1a811e006cff1d8cf887c5dff7085dd,./core/, TestCoordELFunctions,testCurrent,test fail, mer 8 apr 2020, 22.54.05, CEST,mer 8 apr 2020, 22.54.11, CEST
oozie,https://github.com/apache/oozie.git, fbf28362b1a811e006cff1d8cf887c5dff7085dd,./core/, TestCoordELFunctions,testCurrent,test fail, mer 8 apr 2020, 22.54.11, CEST,mer 8 apr 2020, 22.54.16, CEST
oozie,https://github.com/apache/oozie.git, fbf28362b1a811e006cff1d8cf887c5dff7085dd,./core/, TestCoordELFunctions,testCurrent,test fail, mer 8 apr 2020, 22.54.16, CEST,mer 8 apr 2020, 22.54.22, CEST
oozie,https://github.com/apache/oozie.git, fbf28362b1a811e006cff1d8cf887c5dff7085dd,./core/, TestCoordELFunctions,testCurrent,test fail, mer 8 apr 2020, 22.54.22, CEST,mer 8 apr 2020, 22.54.27, CEST
oozie,https://github.com/apache/oozie.git, fbf28362b1a811e006cff1d8cf887c5dff7085dd,./core/, TestCoordELFunctions,testCurrent,test fail, mer 8 apr 2020, 22.54.27, CEST,mer 8 apr 2020, 22.54.32, CEST
oozie,https://github.com/apache/oozie.git, fbf28362b1a811e006cff1d8cf887c5dff7085dd,./core/, TestCoordELFunctions,testCurrent,test fail, mer 8 apr 2020, 22.54.33, CEST,mer 8 apr 2020, 22.54.38, CEST
oozie,https://github.com/apache/oozie.git, fbf28362b1a811e006cff1d8cf887c5dff7085dd,./core/, TestCoordELFunctions,testCurrent,test fail, mer 8 apr 2020, 22.54.38, CEST,mer 8 apr 2020, 22.54.43, CEST
oozie,https://github.com/apache/oozie.git, fbf28362b1a811e006cff1d8cf887c5dff7085dd,./core/, TestCoordELFunctions,testCurrent,test fail, mer 8 apr 2020, 22.54.43, CEST,mer 8 apr 2020, 22.54.48, CEST
oozie,https://github.com/apache/oozie.git, fbf28362b1a811e006cff1d8cf887c5dff7085dd,./core/, TestCoordELFunctions,testCurrent,test fail, mer 8 apr 2020, 22.54.48, CEST,mer 8 apr 2020, 22.54.54, CEST
oozie,https://github.com/apache/oozie.git, fbf28362b1a811e006cff1d8cf887c5dff7085dd,./core/, TestCoordELFunctions,testCurrent,test fail, mer 8 apr 2020, 22.54.54, CEST,mer 8 apr 2020, 22.55.00, CEST
oozie,https://github.com/apache/oozie.git, fbf28362b1a811e006cff1d8cf887c5dff7085dd,./core/, TestCoordELFunctions,testCurrent,test fail, mer 8 apr 2020, 22.55.00, CEST,mer 8 apr 2020, 22.55.05, CEST
oozie,https://github.com/apache/oozie.git, fbf28362b1a811e006cff1d8cf887c5dff7085dd,./core/, TestCoordELFunctions,testCurrent,test fail, mer 8 apr 2020, 22.55.05, CEST,mer 8 apr 2020, 22.55.11, CEST
oozie,https://github.com/apache/oozie.git, fbf28362b1a811e006cff1d8cf887c5dff7085dd,./core/, TestCoordELFunctions,testCurrent,test fail, mer 8 apr 2020, 22.55.11, CEST,mer 8 apr 2020, 22.55.16, CEST
oozie,https://github.com/apache/oozie.git, fbf28362b1a811e006cff1d8cf887c5dff7085dd,./core/, TestCoordELFunctions,testCurrent,test fail, mer 8 apr 2020, 22.55.16, CEST,mer 8 apr 2020, 22.55.21, CEST
oozie,https://github.com/apache/oozie.git, fbf28362b1a811e006cff1d8cf887c5dff7085dd,./core/, TestCoordELFunctions,testCurrent,test fail, mer 8 apr 2020, 22.55.21, CEST,mer 8 apr 2020, 22.55.27, CEST
oozie,https://github.com/apache/oozie.git, fbf28362b1a811e006cff1d8cf887c5dff7085dd,./core/, TestCoordELFunctions,testCurrent,test fail, mer 8 apr 2020, 22.55.27, CEST,mer 8 apr 2020, 22.55.32, CEST
oozie,https://github.com/apache/oozie.git, fbf28362b1a811e006cff1d8cf887c5dff7085dd,./core/, TestCoordELFunctions,testCurrent,test fail, mer 8 apr 2020, 22.55.32, CEST,mer 8 apr 2020, 22.55.38, CEST
oozie,https://github.com/apache/oozie.git, fbf28362b1a811e006cff1d8cf887c5dff7085dd,./core/, TestCoordELFunctions,testCurrent,test fail, mer 8 apr 2020, 22.55.38, CEST,mer 8 apr 2020, 22.55.43, CEST
oozie,https://github.com/apache/oozie.git, fbf28362b1a811e006cff1d8cf887c5dff7085dd,./core/, TestCoordELFunctions,testCurrent,test fail, mer 8 apr 2020, 22.55.43, CEST,mer 8 apr 2020, 22.55.49, CEST
oozie,https://github.com/apache/oozie.git, fbf28362b1a811e006cff1d8cf887c5dff7085dd,./core/, TestCoordELFunctions,testCurrent,test fail, mer 8 apr 2020, 22.55.49, CEST,mer 8 apr 2020, 22.55.54, CEST
oozie,https://github.com/apache/oozie.git, fbf28362b1a811e006cff1d8cf887c5dff7085dd,./core/, TestCoordELFunctions,testCurrent,test fail, mer 8 apr 2020, 22.55.54, CEST,mer 8 apr 2020, 22.55.59, CEST
oozie,https://github.com/apache/oozie.git, fbf28362b1a811e006cff1d8cf887c5dff7085dd,./core/, TestCoordELFunctions,testCurrent,test fail, mer 8 apr 2020, 22.55.59, CEST,mer 8 apr 2020, 22.56.04, CEST
oozie,https://github.com/apache/oozie.git, fbf28362b1a811e006cff1d8cf887c5dff7085dd,./core/, TestCoordELFunctions,testCurrent,test fail, mer 8 apr 2020, 22.56.04, CEST,mer 8 apr 2020, 22.56.10, CEST
oozie,https://github.com/apache/oozie.git, fbf28362b1a811e006cff1d8cf887c5dff7085dd,./core/, TestCoordELFunctions,testCurrent,test fail, mer 8 apr 2020, 22.56.10, CEST,mer 8 apr 2020, 22.56.15, CEST
oozie,https://github.com/apache/oozie.git, fbf28362b1a811e006cff1d8cf887c5dff7085dd,./core/, TestCoordELFunctions,testCurrent,test fail, mer 8 apr 2020, 22.56.15, CEST,mer 8 apr 2020, 22.56.20, CEST
oozie,https://github.com/apache/oozie.git, fbf28362b1a811e006cff1d8cf887c5dff7085dd,./core/, TestCoordELFunctions,testCurrent,test fail, mer 8 apr 2020, 22.56.21, CEST,mer 8 apr 2020, 22.56.26, CEST
oozie,https://github.com/apache/oozie.git, fbf28362b1a811e006cff1d8cf887c5dff7085dd,./core/, TestCoordELFunctions,testCurrent,test fail, mer 8 apr 2020, 22.56.26, CEST,mer 8 apr 2020, 22.56.31, CEST
oozie,https://github.com/apache/oozie.git, fbf28362b1a811e006cff1d8cf887c5dff7085dd,./core/, TestCoordELFunctions,testCurrent,test fail, mer 8 apr 2020, 22.56.31, CEST,mer 8 apr 2020, 22.56.36, CEST
oozie,https://github.com/apache/oozie.git, fbf28362b1a811e006cff1d8cf887c5dff7085dd,./core/, TestCoordELFunctions,testCurrent,test fail, mer 8 apr 2020, 22.56.36, CEST,mer 8 apr 2020, 22.56.42, CEST
oozie,https://github.com/apache/oozie.git, fbf28362b1a811e006cff1d8cf887c5dff7085dd,./core/, TestCoordELFunctions,testCurrent,test fail, mer 8 apr 2020, 22.56.42, CEST,mer 8 apr 2020, 22.56.48, CEST
oozie,https://github.com/apache/oozie.git, fbf28362b1a811e006cff1d8cf887c5dff7085dd,./core/, TestCoordELFunctions,testCurrent,test fail, mer 8 apr 2020, 22.56.48, CEST,mer 8 apr 2020, 22.56.53, CEST
oozie,https://github.com/apache/oozie.git, fbf28362b1a811e006cff1d8cf887c5dff7085dd,./core/, TestCoordELFunctions,testCurrent,test fail, mer 8 apr 2020, 22.56.53, CEST,mer 8 apr 2020, 22.56.58, CEST
oozie,https://github.com/apache/oozie.git, fbf28362b1a811e006cff1d8cf887c5dff7085dd,./core/, TestCoordELFunctions,testCurrent,test fail, mer 8 apr 2020, 22.56.58, CEST,mer 8 apr 2020, 22.57.03, CEST
oozie,https://github.com/apache/oozie.git, fbf28362b1a811e006cff1d8cf887c5dff7085dd,./core/, TestCoordELFunctions,testCurrent,test fail, mer 8 apr 2020, 22.57.03, CEST,mer 8 apr 2020, 22.57.09, CEST
oozie,https://github.com/apache/oozie.git, fbf28362b1a811e006cff1d8cf887c5dff7085dd,./core/, TestCoordELFunctions,testCurrent,test fail, mer 8 apr 2020, 22.57.09, CEST,mer 8 apr 2020, 22.57.14, CEST
oozie,https://github.com/apache/oozie.git, fbf28362b1a811e006cff1d8cf887c5dff7085dd,./core/, TestCoordELFunctions,testCurrent,test fail, mer 8 apr 2020, 22.57.14, CEST,mer 8 apr 2020, 22.57.20, CEST
oozie,https://github.com/apache/oozie.git, fbf28362b1a811e006cff1d8cf887c5dff7085dd,./core/, TestCoordELFunctions,testCurrent,test fail, mer 8 apr 2020, 22.57.20, CEST,mer 8 apr 2020, 22.57.25, CEST
oozie,https://github.com/apache/oozie.git, fbf28362b1a811e006cff1d8cf887c5dff7085dd,./core/, TestCoordELFunctions,testCurrent,test fail, mer 8 apr 2020, 22.57.25, CEST,mer 8 apr 2020, 22.57.33, CEST
oozie,https://github.com/apache/oozie.git, fbf28362b1a811e006cff1d8cf887c5dff7085dd,./core/, TestCoordELFunctions,testCurrent,test fail, mer 8 apr 2020, 22.57.33, CEST,mer 8 apr 2020, 22.57.41, CEST
oozie,https://github.com/apache/oozie.git, fbf28362b1a811e006cff1d8cf887c5dff7085dd,./core/, TestCoordELFunctions,testCurrent,test fail, mer 8 apr 2020, 22.57.41, CEST,mer 8 apr 2020, 22.57.46, CEST
oozie,https://github.com/apache/oozie.git, fbf28362b1a811e006cff1d8cf887c5dff7085dd,./core/, TestCoordELFunctions,testCurrent,test fail, mer 8 apr 2020, 22.57.46, CEST,mer 8 apr 2020, 22.57.51, CEST
oozie,https://github.com/apache/oozie.git, fbf28362b1a811e006cff1d8cf887c5dff7085dd,./core/, TestCoordELFunctions,testCurrent,test fail, mer 8 apr 2020, 22.57.51, CEST,mer 8 apr 2020, 22.57.57, CEST
oozie,https://github.com/apache/oozie.git, fbf28362b1a811e006cff1d8cf887c5dff7085dd,./core/, TestCoordELFunctions,testCurrent,test fail, mer 8 apr 2020, 22.57.57, CEST,mer 8 apr 2020, 22.58.02, CEST
oozie,https://github.com/apache/oozie.git, fbf28362b1a811e006cff1d8cf887c5dff7085dd,./core/, TestCoordELFunctions,testCurrent,test fail, mer 8 apr 2020, 22.58.02, CEST,mer 8 apr 2020, 22.58.07, CEST
oozie,https://github.com/apache/oozie.git, fbf28362b1a811e006cff1d8cf887c5dff7085dd,./core/, TestCoordELFunctions,testCurrent,test fail, mer 8 apr 2020, 22.58.07, CEST,mer 8 apr 2020, 22.58.12, CEST
oozie,https://github.com/apache/oozie.git, fbf28362b1a811e006cff1d8cf887c5dff7085dd,./core/, TestCoordELFunctions,testCurrent,test fail, mer 8 apr 2020, 22.58.12, CEST,mer 8 apr 2020, 22.58.18, CEST
oozie,https://github.com/apache/oozie.git, fbf28362b1a811e006cff1d8cf887c5dff7085dd,./core/, TestCoordELFunctions,testCurrent,test fail, mer 8 apr 2020, 22.58.18, CEST,mer 8 apr 2020, 22.58.23, CEST
oozie,https://github.com/apache/oozie.git, fbf28362b1a811e006cff1d8cf887c5dff7085dd,./core/, TestCoordELFunctions,testCurrent,test fail, mer 8 apr 2020, 22.58.23, CEST,mer 8 apr 2020, 22.58.29, CEST
oozie,https://github.com/apache/oozie.git, fbf28362b1a811e006cff1d8cf887c5dff7085dd,./core/, TestCoordELFunctions,testCurrent,test fail, mer 8 apr 2020, 22.58.29, CEST,mer 8 apr 2020, 22.58.34, CEST
oozie,https://github.com/apache/oozie.git, fbf28362b1a811e006cff1d8cf887c5dff7085dd,./core/, TestCoordELFunctions,testCurrent,test fail, mer 8 apr 2020, 22.58.34, CEST,mer 8 apr 2020, 22.58.40, CEST
oozie,https://github.com/apache/oozie.git, fbf28362b1a811e006cff1d8cf887c5dff7085dd,./core/, TestCoordELFunctions,testCurrent,test fail, mer 8 apr 2020, 22.58.40, CEST,mer 8 apr 2020, 22.58.45, CEST
oozie,https://github.com/apache/oozie.git, fbf28362b1a811e006cff1d8cf887c5dff7085dd,./core/, TestCoordELFunctions,testCurrent,test fail, mer 8 apr 2020, 22.58.45, CEST,mer 8 apr 2020, 22.58.50, CEST
